0 1 6.0 1.0 0.63183594 0.4260254 0.7753906 0.6064453
0 1 6.0 1.0 0.40234375 0.51464844 0.55615234 0.7167969
0 1 6.0 1.0 0.43823242 0.78466797 0.6425781 0.99658203
0 1 6.0 0.99902344 0.47070312 0.2763672 0.57910156 0.4243164
0 1 6.0 0.9980469 0.3190918 0.3647461 0.44750977 0.5361328
0 1 6.0 0.9873047 0.14526367 0.27124023 0.2097168 0.34399414
0 1 6.0 0.8769531 0.26000977 0.2553711 0.3479004 0.40429688
0 1 6.0 0.7558594 0.30981445 0.3173828 0.40649414 0.44677734
0 2 6.0 1.0 0.63378906 0.42822266 0.7783203 0.60791016
0 2 6.0 1.0 0.4038086 0.51904297 0.5566406 0.72216797
0 2 6.0 1.0 0.43139648 0.79003906 0.6376953 1.0019531
0 2 6.0 0.99902344 0.47216797 0.2758789 0.5786133 0.42773438
0 2 6.0 0.9980469 0.31933594 0.36621094 0.4482422 0.5371094
0 2 6.0 0.9902344 0.14587402 0.27148438 0.21057129 0.34375
0 2 6.0 0.89746094 0.2607422 0.2553711 0.3486328 0.40820312
0 2 6.0 0.75634766 0.31469727 0.31591797 0.41137695 0.4350586
0 3 6.0 1.0 0.6352539 0.43164062 0.77978516 0.6152344
0 3 6.0 1.0 0.40576172 0.51904297 0.55810547 0.7260742
0 3 6.0 1.0 0.4326172 0.7939453 0.64160156 1.0009766
0 3 6.0 0.99902344 0.47338867 0.27539062 0.5800781 0.42822266
0 3 6.0 0.9980469 0.32080078 0.36572266 0.44873047 0.53808594
0 3 6.0 0.99316406 0.14624023 0.27075195 0.2121582 0.3425293
0 3 6.0 0.8964844 0.2614746 0.25634766 0.35083008 0.4091797
0 3 6.0 0.6928711 0.30639648 0.31347656 0.4104004 0.46923828
0 4 6.0 1.0 0.4753418 0.27563477 0.58251953 0.4309082
0 4 6.0 1.0 0.63671875 0.43310547 0.7832031 0.6176758
0 4 6.0 1.0 0.40722656 0.5209961 0.55908203 0.73095703
0 4 6.0 1.0 0.43359375 0.7973633 0.640625 1.0029297
0 4 6.0 0.9980469 0.32299805 0.36889648 0.45043945 0.5385742
0 4 6.0 0.99316406 0.14648438 0.2692871 0.2121582 0.34106445
0 4 6.0 0.9223633 0.26342773 0.2578125 0.35229492 0.41455078
0 4 6.0 0.7753906 0.31518555 0.31884766 0.41333008 0.43847656
0 5 6.0 1.0 0.43554688 0.80371094 0.6425781 0.9980469
0 5 6.0 1.0 0.4104004 0.52685547 0.5625 0.74072266
0 5 6.0 1.0 0.6376953 0.43408203 0.7861328 0.62060547
0 5 6.0 1.0 0.47436523 0.27539062 0.58447266 0.43310547
0 5 6.0 0.9921875 0.14660645 0.26782227 0.21203613 0.34155273
0 5 6.0 0.9902344 0.32495117 0.36132812 0.44848633 0.5410156
0 5 6.0 0.8833008 0.26293945 0.2578125 0.35083008 0.40966797
0 5 6.0 0.8491211 0.31176758 0.328125 0.42749023 0.47314453
0 5 6.0 0.50878906 0.2626953 0.30981445 0.31835938 0.4104004
0 6 6.0 1.0 0.4765625 0.2763672 0.5859375 0.43554688
0 6 6.0 1.0 0.640625 0.43579102 0.7890625 0.62353516
0 6 6.0 1.0 0.40966797 0.53027344 0.5644531 0.7451172
0 6 6.0 1.0 0.43920898 0.81152344 0.6435547 0.99902344
0 6 6.0 0.99316406 0.14697266 0.2680664 0.21289062 0.34277344
0 6 6.0 0.9863281 0.32641602 0.3671875 0.4489746 0.5395508
0 6 6.0 0.8984375 0.2631836 0.25952148 0.35205078 0.41381836
0 6 6.0 0.83984375 0.3154297 0.32128906 0.41796875 0.4423828
0 7 6.0 1.0 0.64160156 0.4375 0.7890625 0.6269531
0 7 6.0 1.0 0.40966797 0.5332031 0.56347656 0.7470703
0 7 6.0 0.99902344 0.4790039 0.27734375 0.58740234 0.43701172
0 7 6.0 0.99902344 0.44091797 0.8173828 0.64404297 0.99902344
0 7 6.0 0.9951172 0.14794922 0.26757812 0.2133789 0.34277344
0 7 6.0 0.98828125 0.328125 0.39282227 0.4609375 0.5551758
0 7 6.0 0.87353516 0.26464844 0.2705078 0.35351562 0.4189453
0 7 6.0 0.76660156 0.3166504 0.3239746 0.4206543 0.44555664
0 8 6.0 1.0 0.6459961 0.43945312 0.79052734 0.62890625
0 8 6.0 1.0 0.40966797 0.53466797 0.5644531 0.7504883
0 8 6.0 0.99902344 0.47851562 0.27734375 0.58984375 0.43847656
0 8 6.0 0.9970703 0.4423828 0.8227539 0.6455078 1.0
0 8 6.0 0.99609375 0.14916992 0.26708984 0.21411133 0.34179688
0 8 6.0 0.9873047 0.32885742 0.3930664 0.46411133 0.55566406
0 8 6.0 0.90234375 0.31713867 0.35302734 0.43969727 0.50390625
0 8 6.0 0.8588867 0.26586914 0.26953125 0.35473633 0.41845703
0 8 6.0 0.56396484 0.3022461 0.32104492 0.40820312 0.46850586
0 9 6.0 1.0 0.6479492 0.4399414 0.79345703 0.63134766
0 9 6.0 1.0 0.4111328 0.5361328 0.56396484 0.7558594
0 9 6.0 0.9980469 0.48266602 0.2770996 0.5917969 0.4387207
0 9 6.0 0.99609375 0.44384766 0.8276367 0.64697266 0.9995117
0 9 6.0 0.9921875 0.14855957 0.2668457 0.21447754 0.34204102
0 9 6.0 0.9892578 0.33081055 0.39135742 0.46850586 0.55859375
0 9 6.0 0.90234375 0.3173828 0.35375977 0.44189453 0.5053711
0 9 6.0 0.88134766 0.26611328 0.26904297 0.35742188 0.4194336
0 9 6.0 0.53125 0.30126953 0.31958008 0.40966797 0.4675293
0 10 6.0 1.0 0.64746094 0.44311523 0.7919922 0.6298828
0 10 6.0 1.0 0.41210938 0.54248047 0.56689453 0.76220703
0 10 6.0 0.9980469 0.48217773 0.27685547 0.5942383 0.43945312
0 10 6.0 0.9941406 0.3334961 0.39501953 0.46972656 0.56103516
0 10 6.0 0.9902344 0.14892578 0.26660156 0.21533203 0.34179688
0 10 6.0 0.98291016 0.4477539 0.83203125 0.64697266 0.99609375
0 10 6.0 0.89990234 0.26171875 0.26123047 0.36376953 0.41259766
0 10 6.0 0.7607422 0.31933594 0.3552246 0.43896484 0.50439453
0 11 6.0 1.0 0.64990234 0.44433594 0.79345703 0.63378906
0 11 6.0 1.0 0.41430664 0.5444336 0.56933594 0.7661133
0 11 6.0 0.99902344 0.48291016 0.2783203 0.59716797 0.4423828
0 11 6.0 0.99609375 0.33398438 0.3942871 0.4711914 0.5625
0 11 6.0 0.9941406 0.14929199 0.26660156 0.21520996 0.3408203
0 11 6.0 0.94628906 0.44458008 0.8442383 0.66064453 0.99365234
0 11 6.0 0.9194336 0.25952148 0.2626953 0.36450195 0.41064453
0 11 6.0 0.75097656 0.31835938 0.35424805 0.4350586 0.50634766
0 12 6.0 1.0 0.6513672 0.44726562 0.79589844 0.6357422
0 12 6.0 1.0 0.4152832 0.5463867 0.57666016 0.77001953
0 12 6.0 0.99902344 0.47802734 0.27954102 0.58935547 0.44262695
0 12 6.0 0.9980469 0.3330078 0.3955078 0.46679688 0.5644531
0 12 6.0 0.9941406 0.14978027 0.26660156 0.21594238 0.34033203
0 12 6.0 0.9453125 0.25683594 0.26367188 0.3642578 0.4140625
0 12 6.0 0.94140625 0.45263672 0.84375 0.6538086 0.99316406
0 12 6.0 0.78125 0.32128906 0.32958984 0.42382812 0.4555664
0 13 6.0 1.0 0.41601562 0.54785156 0.5800781 0.7734375
0 13 6.0 1.0 0.65185547 0.44995117 0.80029297 0.6381836
0 13 6.0 0.99902344 0.47827148 0.28027344 0.59033203 0.4428711
0 13 6.0 0.9980469 0.3317871 0.3959961 0.47045898 0.56640625
0 13 6.0 0.98828125 0.15136719 0.26782227 0.21679688 0.34106445
0 13 6.0 0.9667969 0.4477539 0.84765625 0.65283203 0.9951172
0 13 6.0 0.96240234 0.25756836 0.2626953 0.36499023 0.41455078
0 13 6.0 0.7158203 0.3203125 0.33129883 0.42578125 0.4650879
0 14 6.0 1.0 0.48339844 0.28320312 0.59277344 0.44189453
0 14 6.0 1.0 0.65234375 0.45166016 0.8017578 0.64208984
0 14 6.0 1.0 0.4177246 0.5566406 0.57666016 0.7832031
0 14 6.0 0.99902344 0.33666992 0.39770508 0.4699707 0.56689453
0 14 6.0 0.984375 0.1517334 0.26733398 0.21813965 0.34057617
0 14 6.0 0.9667969 0.25683594 0.26171875 0.3647461 0.41357422
0 14 6.0 0.94189453 0.44555664 0.8515625 0.64941406 0.99316406
0 14 6.0 0.68408203 0.3203125 0.3322754 0.4243164 0.4650879
0 15 6.0 1.0 0.41918945 0.5620117 0.578125 0.7836914
0 15 6.0 1.0 0.65478516 0.45288086 0.8022461 0.6503906
0 15 6.0 1.0 0.48583984 0.2836914 0.5942383 0.44091797
0 15 6.0 0.99902344 0.33911133 0.3959961 0.4724121 0.56884766
0 15 6.0 0.98828125 0.1508789 0.26538086 0.2175293 0.34057617
0 15 6.0 0.9790039 0.26171875 0.26904297 0.36865234 0.42529297
0 15 6.0 0.9194336 0.4465332 0.85546875 0.6542969 0.9970703
0 15 6.0 0.5727539 0.32202148 0.33251953 0.42407227 0.46484375
0 16 6.0 1.0 0.4885254 0.2841797 0.5961914 0.43945312
0 16 6.0 1.0 0.65722656 0.4560547 0.80566406 0.6533203
0 16 6.0 1.0 0.41967773 0.5644531 0.57910156 0.7871094
0 16 6.0 0.99902344 0.3408203 0.3955078 0.4736328 0.5727539
0 16 6.0 0.9892578 0.15124512 0.26538086 0.21716309 0.34057617
0 16 6.0 0.984375 0.26660156 0.27172852 0.3696289 0.4260254
0 16 6.0 0.9472656 0.4465332 0.8642578 0.65625 0.9951172
0 17 6.0 1.0 0.48706055 0.28393555 0.59765625 0.44213867
0 17 6.0 1.0 0.6567383 0.45703125 0.80810547 0.65527344
0 17 6.0 1.0 0.42138672 0.5678711 0.58154297 0.7915039
0 17 6.0 0.9980469 0.34277344 0.39916992 0.47314453 0.57128906
0 17 6.0 0.9892578 0.15185547 0.26513672 0.21801758 0.3408203
0 17 6.0 0.984375 0.26904297 0.27124023 0.36914062 0.42651367
0 17 6.0 0.92089844 0.44873047 0.875 0.65478516 0.99316406
0 17 6.0 0.53222656 0.3227539 0.33740234 0.43017578 0.47558594
0 18 6.0 1.0 0.4868164 0.2836914 0.5991211 0.44189453
0 18 6.0 1.0 0.6567383 0.45825195 0.8120117 0.6591797
0 18 6.0 1.0 0.42089844 0.57421875 0.5810547 0.79589844
0 18 6.0 0.9980469 0.34106445 0.3984375 0.47485352 0.5727539
0 18 6.0 0.9902344 0.26757812 0.27148438 0.3696289 0.42626953
0 18 6.0 0.9892578 0.15222168 0.26416016 0.21789551 0.34033203
0 18 6.0 0.7949219 0.44433594 0.8769531 0.6621094 0.99609375
0 18 6.0 0.5620117 0.32592773 0.35180664 0.42993164 0.50634766
0 19 6.0 1.0 0.48828125 0.28466797 0.5996094 0.4423828
0 19 6.0 1.0 0.65966797 0.46435547 0.8149414 0.6645508
0 19 6.0 1.0 0.42163086 0.57714844 0.5834961 0.7998047
0 19 6.0 0.9980469 0.34423828 0.40063477 0.47753906 0.5761719
0 19 6.0 0.98828125 0.15319824 0.2631836 0.21740723 0.3408203
0 19 6.0 0.9863281 0.27197266 0.27392578 0.3701172 0.4272461
0 19 6.0 0.63183594 0.4477539 0.8823242 0.66064453 0.9926758
0 19 6.0 0.6225586 0.3256836 0.34960938 0.42822266 0.49902344
0 20 6.0 1.0 0.49023438 0.28710938 0.6035156 0.44140625
0 20 6.0 1.0 0.6621094 0.4663086 0.81640625 0.66552734
0 20 6.0 1.0 0.42285156 0.5786133 0.58496094 0.8041992
0 20 6.0 0.9970703 0.34399414 0.40429688 0.47583008 0.57373047
0 20 6.0 0.98828125 0.2644043 0.27490234 0.36645508 0.42871094
0 20 6.0 0.9863281 0.15368652 0.26171875 0.21765137 0.34033203
0 20 6.0 0.87353516 0.3347168 0.35986328 0.4465332 0.5258789
0 20 6.0 0.5805664 0.22131348 0.29345703 0.2758789 0.34033203
0 20 6.0 0.5185547 0.45483398 0.8876953 0.65478516 0.9902344
0 21 6.0 1.0 0.48950195 0.2866211 0.60253906 0.44335938
0 21 6.0 1.0 0.66503906 0.4699707 0.81933594 0.6699219
0 21 6.0 1.0 0.42504883 0.5800781 0.58691406 0.80859375
0 21 6.0 0.9970703 0.26464844 0.27441406 0.36816406 0.42871094
0 21 6.0 0.9951172 0.34375 0.40600586 0.47607422 0.5761719
0 21 6.0 0.984375 0.15356445 0.2614746 0.21826172 0.34106445
0 21 6.0 0.87890625 0.33251953 0.359375 0.44433594 0.52490234
0 21 6.0 0.6796875 0.22290039 0.29248047 0.2770996 0.34277344
0 22 6.0 1.0 0.49365234 0.28808594 0.60498047 0.44580078
0 22 6.0 1.0 0.6689453 0.4716797 0.8203125 0.6738281
0 22 6.0 1.0 0.42626953 0.58691406 0.58935547 0.81347656
0 22 6.0 0.99902344 0.3466797 0.41552734 0.48046875 0.59033203
0 22 6.0 0.9970703 0.26660156 0.27392578 0.3671875 0.4272461
0 22 6.0 0.9790039 0.15356445 0.26123047 0.21875 0.3408203
0 22 6.0 0.8154297 0.33398438 0.35961914 0.44189453 0.52734375
0 22 6.0 0.703125 0.22241211 0.2927246 0.2770996 0.34301758
0 23 6.0 1.0 0.6699219 0.4716797 0.82128906 0.67871094
0 23 6.0 1.0 0.42919922 0.59033203 0.59228516 0.8178711
0 23 6.0 1.0 0.5004883 0.28979492 0.61083984 0.44311523
0 23 6.0 0.99902344 0.3466797 0.4177246 0.48095703 0.5913086
0 23 6.0 0.99902344 0.26757812 0.27514648 0.37109375 0.43969727
0 23 6.0 0.9770508 0.15454102 0.25976562 0.21923828 0.3413086
0 23 6.0 0.94384766 0.33325195 0.36035156 0.4416504 0.5234375
0 23 6.0 0.6933594 0.22216797 0.2919922 0.2788086 0.34277344
0 24 6.0 1.0 0.5 0.28979492 0.6113281 0.44848633
0 24 6.0 1.0 0.34716797 0.4206543 0.48339844 0.59375
0 24 6.0 1.0 0.6713867 0.47607422 0.82373047 0.6821289
0 24 6.0 1.0 0.4260254 0.5932617 0.59716797 0.82177734
0 24 6.0 0.99902344 0.2697754 0.27294922 0.36938477 0.42919922
0 24 6.0 0.97265625 0.15429688 0.25830078 0.22021484 0.3408203
0 24 6.0 0.9614258 0.3322754 0.359375 0.44360352 0.5205078
0 24 6.0 0.7314453 0.22338867 0.29174805 0.27905273 0.34301758
0 25 6.0 1.0 0.27319336 0.27441406 0.37036133 0.42919922
0 25 6.0 1.0 0.5019531 0.29101562 0.6113281 0.4482422
0 25 6.0 1.0 0.34814453 0.42163086 0.48632812 0.59472656
0 25 6.0 1.0 0.6743164 0.4794922 0.82470703 0.6845703
0 25 6.0 1.0 0.4272461 0.5966797 0.6020508 0.8251953
0 25 6.0 0.97509766 0.3322754 0.3605957 0.44702148 0.5185547
0 25 6.0 0.96777344 0.15527344 0.25732422 0.2199707 0.3408203
0 25 6.0 0.7705078 0.22521973 0.2902832 0.28027344 0.34350586
0 26 6.0 1.0 0.27294922 0.27392578 0.37402344 0.43017578
0 26 6.0 1.0 0.50390625 0.29101562 0.6152344 0.4506836
0 26 6.0 1.0 0.3515625 0.42333984 0.4892578 0.5961914
0 26 6.0 1.0 0.6743164 0.47802734 0.8256836 0.6821289
0 26 6.0 1.0 0.4321289 0.59765625 0.60498047 0.83203125
0 26 6.0 0.9790039 0.3310547 0.36108398 0.44482422 0.51904297
0 26 6.0 0.96972656 0.15161133 0.25708008 0.2175293 0.34057617
0 26 6.0 0.7402344 0.21948242 0.28979492 0.27661133 0.34545898
0 27 6.0 1.0 0.43237305 0.60498047 0.6069336 0.8354492
0 27 6.0 1.0 0.67529297 0.48291016 0.8276367 0.6879883
0 27 6.0 1.0 0.35302734 0.4260254 0.4921875 0.5996094
0 27 6.0 1.0 0.50390625 0.29101562 0.61621094 0.45263672
0 27 6.0 1.0 0.27294922 0.2746582 0.37304688 0.43041992
0 27 6.0 0.97998047 0.15283203 0.25634766 0.2199707 0.34033203
0 27 6.0 0.96240234 0.33251953 0.36083984 0.44335938 0.51708984
0 27 6.0 0.7788086 0.22058105 0.29003906 0.27612305 0.34570312
0 28 6.0 1.0 0.2734375 0.27563477 0.37597656 0.4309082
0 28 6.0 1.0 0.5058594 0.29125977 0.61816406 0.4543457
0 28 6.0 1.0 0.35498047 0.42773438 0.4951172 0.60058594
0 28 6.0 1.0 0.67626953 0.48413086 0.83154297 0.69384766
0 28 6.0 1.0 0.4350586 0.6074219 0.6069336 0.83984375
0 28 6.0 0.98095703 0.15356445 0.25610352 0.22045898 0.34057617
0 28 6.0 0.96240234 0.33032227 0.36328125 0.44311523 0.51708984
0 28 6.0 0.83203125 0.21984863 0.29052734 0.27734375 0.3461914
0 29 6.0 1.0 0.27294922 0.27661133 0.375 0.43139648
0 29 6.0 1.0 0.5083008 0.29052734 0.62060547 0.4560547
0 29 6.0 1.0 0.6748047 0.48632812 0.8339844 0.6972656
0 29 6.0 1.0 0.43847656 0.609375 0.60839844 0.84375
0 29 6.0 0.99902344 0.35839844 0.42797852 0.49804688 0.5996094
0 29 6.0 0.9819336 0.33032227 0.36450195 0.44262695 0.51904297
0 29 6.0 0.97509766 0.15441895 0.25463867 0.22009277 0.33862305
0 29 6.0 0.8378906 0.21948242 0.29003906 0.27856445 0.34521484
0 30 6.0 1.0 0.27490234 0.27685547 0.37548828 0.43164062
0 30 6.0 1.0 0.51220703 0.28930664 0.62353516 0.45336914
0 30 6.0 1.0 0.67871094 0.49414062 0.8378906 0.7001953
0 30 6.0 1.0 0.43652344 0.61621094 0.60546875 0.85546875
0 30 6.0 0.9980469 0.36035156 0.42797852 0.5 0.60058594
0 30 6.0 0.9790039 0.33251953 0.3647461 0.4428711 0.5180664
0 30 6.0 0.97509766 0.15454102 0.25439453 0.22045898 0.3383789
0 30 6.0 0.87841797 0.21960449 0.29052734 0.27929688 0.34716797
0 31 6.0 1.0 0.43676758 0.6225586 0.6064453 0.8588867
0 31 6.0 1.0 0.6801758 0.49853516 0.8413086 0.7084961
0 31 6.0 1.0 0.27563477 0.27734375 0.37475586 0.43164062
0 31 6.0 0.99902344 0.3605957 0.43066406 0.50097656 0.60546875
0 31 6.0 0.99902344 0.5083008 0.29174805 0.6225586 0.46069336
0 31 6.0 0.98291016 0.33129883 0.36450195 0.4387207 0.5185547
0 31 6.0 0.97998047 0.1550293 0.2548828 0.22192383 0.3383789
0 31 6.0 0.8984375 0.22058105 0.29052734 0.27978516 0.34814453
0 32 6.0 1.0 0.2770996 0.27783203 0.3762207 0.43066406
0 32 6.0 1.0 0.6821289 0.5019531 0.8442383 0.7158203
0 32 6.0 1.0 0.4375 0.6254883 0.609375 0.86279297
0 32 6.0 0.99902344 0.50634766 0.2927246 0.61865234 0.4621582
0 32 6.0 0.9980469 0.36132812 0.43115234 0.50146484 0.60791016
0 32 6.0 0.9892578 0.33154297 0.3659668 0.43652344 0.51660156
0 32 6.0 0.9790039 0.15515137 0.25439453 0.22302246 0.3383789
0 32 6.0 0.9086914 0.22180176 0.29052734 0.28027344 0.34814453
0 33 6.0 1.0 0.43823242 0.62841797 0.6118164 0.8676758
0 33 6.0 1.0 0.27734375 0.2788086 0.3779297 0.4296875
0 33 6.0 1.0 0.50341797 0.29541016 0.62158203 0.46191406
0 33 6.0 1.0 0.68359375 0.5029297 0.8466797 0.71972656
0 33 6.0 0.9970703 0.3305664 0.36767578 0.43652344 0.5214844
0 33 6.0 0.9921875 0.35961914 0.42944336 0.5029297 0.60839844
0 33 6.0 0.97314453 0.1550293 0.2541504 0.22216797 0.3371582
0 33 6.0 0.91845703 0.22131348 0.28930664 0.28051758 0.34936523
0 34 6.0 1.0 0.4387207 0.63183594 0.6142578 0.87109375
0 34 6.0 1.0 0.6875 0.50878906 0.85058594 0.7216797
0 34 6.0 1.0 0.50878906 0.29345703 0.6230469 0.4658203
0 34 6.0 1.0 0.27783203 0.27905273 0.37890625 0.42895508
0 34 6.0 0.9980469 0.33081055 0.36816406 0.4362793 0.51953125
0 34 6.0 0.9921875 0.3618164 0.4362793 0.50878906 0.62646484
0 34 6.0 0.9760742 0.15454102 0.25463867 0.22167969 0.3400879
0 34 6.0 0.91259766 0.22155762 0.28857422 0.28100586 0.35009766
0 35 6.0 1.0 0.44189453 0.6352539 0.61376953 0.87646484
0 35 6.0 1.0 0.6870117 0.5097656 0.8461914 0.71777344
0 35 6.0 1.0 0.5126953 0.2932129 0.62402344 0.4699707
0 35 6.0 1.0 0.2775879 0.28222656 0.3815918 0.43164062
0 35 6.0 0.9980469 0.33154297 0.36914062 0.44091797 0.51416016
0 35 6.0 0.99609375 0.3630371 0.4423828 0.51416016 0.63183594
0 35 6.0 0.97998047 0.15588379 0.25195312 0.2220459 0.33740234
0 35 6.0 0.89990234 0.22253418 0.28588867 0.28173828 0.34838867
0 35 6.0 0.7006836 0.34179688 0.40771484 0.47265625 0.5786133
0 36 6.0 1.0 0.4440918 0.63720703 0.61621094 0.8833008
0 36 6.0 1.0 0.6875 0.5131836 0.84765625 0.7241211
0 36 6.0 1.0 0.5131836 0.2939453 0.62646484 0.47216797
0 36 6.0 1.0 0.27954102 0.28295898 0.37963867 0.43188477
0 36 6.0 0.99902344 0.33251953 0.3708496 0.44482422 0.5214844
0 36 6.0 0.9970703 0.3623047 0.44580078 0.51464844 0.6333008
0 36 6.0 0.9760742 0.15673828 0.25146484 0.22216797 0.33691406
0 36 6.0 0.9223633 0.22229004 0.2849121 0.28320312 0.34887695
0 37 6.0 1.0 0.27954102 0.28515625 0.38061523 0.43554688
0 37 6.0 1.0 0.50878906 0.29663086 0.6279297 0.47045898
0 37 6.0 1.0 0.6904297 0.51464844 0.8535156 0.73828125
0 37 6.0 1.0 0.4453125 0.640625 0.6171875 0.8876953
0 37 6.0 0.99902344 0.36401367 0.44873047 0.51416016 0.63623047
0 37 6.0 0.9980469 0.33276367 0.3720703 0.44360352 0.5234375
0 37 6.0 0.97314453 0.15795898 0.25317383 0.22192383 0.33911133
0 37 6.0 0.9194336 0.22253418 0.2836914 0.28393555 0.34960938
0 37 6.0 0.6152344 0.38549805 0.2993164 0.61083984 0.4794922
0 38 6.0 1.0 0.27978516 0.28564453 0.38085938 0.43701172
0 38 6.0 1.0 0.515625 0.29516602 0.63183594 0.47338867
0 38 6.0 1.0 0.6928711 0.5161133 0.85498047 0.7416992
0 38 6.0 1.0 0.44506836 0.6479492 0.61572266 0.8989258
0 38 6.0 0.99902344 0.3334961 0.37353516 0.44921875 0.53222656
0 38 6.0 0.99902344 0.36572266 0.4506836 0.5136719 0.6381836
0 38 6.0 0.9790039 0.1583252 0.2524414 0.22253418 0.33984375
0 38 6.0 0.9111328 0.22387695 0.28320312 0.28344727 0.34960938
0 39 6.0 1.0 0.44628906 0.65234375 0.6201172 0.90234375
0 39 6.0 1.0 0.69873047 0.515625 0.8569336 0.7373047
0 39 6.0 1.0 0.51416016 0.296875 0.63427734 0.47314453
0 39 6.0 1.0 0.28027344 0.2878418 0.38134766 0.43823242
0 39 6.0 0.99902344 0.36816406 0.45483398 0.5136719 0.63916016
0 39 6.0 0.99902344 0.33398438 0.37573242 0.4482422 0.53515625
0 39 6.0 0.97998047 0.15881348 0.25195312 0.22277832 0.3388672
0 39 6.0 0.87060547 0.22460938 0.28271484 0.28320312 0.3491211
0 40 6.0 1.0 0.44604492 0.6557617 0.6230469 0.9057617
0 40 6.0 1.0 0.69970703 0.5205078 0.8588867 0.74121094
0 40 6.0 1.0 0.37182617 0.45703125 0.5161133 0.6386719
0 40 6.0 1.0 0.515625 0.2980957 0.6357422 0.4753418
0 40 6.0 1.0 0.28076172 0.28808594 0.38378906 0.44384766
0 40 6.0 0.99902344 0.33496094 0.37597656 0.44726562 0.5292969
0 40 6.0 0.97802734 0.15991211 0.25170898 0.22314453 0.33813477
0 40 6.0 0.8803711 0.22424316 0.2824707 0.28344727 0.34936523
0 40 6.0 0.54296875 0.30859375 0.33740234 0.41992188 0.49902344
0 41 6.0 1.0 0.28100586 0.28955078 0.38842773 0.4399414
0 41 6.0 1.0 0.5175781 0.30151367 0.6386719 0.47583008
0 41 6.0 1.0 0.7026367 0.52490234 0.8647461 0.74853516
0 41 6.0 1.0 0.4489746 0.66015625 0.62597656 0.91308594
0 41 6.0 0.99902344 0.33398438 0.37963867 0.4482422 0.5361328
0 41 6.0 0.99902344 0.37353516 0.45996094 0.51660156 0.6386719
0 41 6.0 0.9658203 0.1616211 0.25195312 0.2241211 0.3359375
0 41 6.0 0.8569336 0.22521973 0.28271484 0.2841797 0.34765625
0 41 6.0 0.6152344 0.30737305 0.3359375 0.41967773 0.4970703
0 42 6.0 1.0 0.28173828 0.28955078 0.390625 0.44091797
0 42 6.0 1.0 0.5205078 0.3046875 0.640625 0.4765625
0 42 6.0 1.0 0.33642578 0.37841797 0.4506836 0.53759766
0 42 6.0 1.0 0.7011719 0.5292969 0.86035156 0.7441406
0 42 6.0 1.0 0.44995117 0.6635742 0.62939453 0.91845703
0 42 6.0 0.99902344 0.3762207 0.4609375 0.5180664 0.6435547
0 42 6.0 0.9589844 0.1628418 0.25195312 0.22436523 0.33642578
0 42 6.0 0.8305664 0.22729492 0.2824707 0.2849121 0.34643555
0 43 6.0 1.0 0.45117188 0.66796875 0.63378906 0.91796875
0 43 6.0 1.0 0.703125 0.5317383 0.86328125 0.7475586
0 43 6.0 1.0 0.5131836 0.30615234 0.63720703 0.48046875
0 43 6.0 1.0 0.2824707 0.2915039 0.39282227 0.44384766
0 43 6.0 0.99902344 0.37695312 0.46069336 0.52001953 0.6435547
0 43 6.0 0.99902344 0.33862305 0.3798828 0.45141602 0.5390625
0 43 6.0 0.96875 0.16345215 0.2512207 0.22717285 0.33666992
0 43 6.0 0.8071289 0.22839355 0.28149414 0.2854004 0.34643555
0 43 6.0 0.5019531 0.30493164 0.3305664 0.4177246 0.49023438
0 44 6.0 1.0 0.28344727 0.29101562 0.39526367 0.44433594
0 44 6.0 1.0 0.515625 0.30688477 0.640625 0.48364258
0 44 6.0 1.0 0.703125 0.5341797 0.8652344 0.7529297
0 44 6.0 1.0 0.45288086 0.671875 0.6333008 0.9248047
0 44 6.0 0.99902344 0.3395996 0.3798828 0.45336914 0.5410156
0 44 6.0 0.99902344 0.37817383 0.4584961 0.52685547 0.65478516
0 44 6.0 0.9716797 0.16357422 0.25048828 0.2277832 0.3359375
0 44 6.0 0.78466797 0.22875977 0.28076172 0.28637695 0.34521484
0 45 6.0 1.0 0.2849121 0.29125977 0.39672852 0.44702148
0 45 6.0 1.0 0.52001953 0.3076172 0.64404297 0.48535156
0 45 6.0 1.0 0.7060547 0.53759766 0.8701172 0.76123047
0 45 6.0 1.0 0.45214844 0.67578125 0.6357422 0.9296875
0 45 6.0 0.99902344 0.34106445 0.38232422 0.45532227 0.5385742
0 45 6.0 0.99902344 0.3774414 0.46435547 0.5253906 0.6508789
0 45 6.0 0.9604492 0.16430664 0.24926758 0.22802734 0.33666992
0 45 6.0 0.7636719 0.23095703 0.28076172 0.28759766 0.34326172
0 46 6.0 1.0 0.2866211 0.29248047 0.3984375 0.44970703
0 46 6.0 1.0 0.52001953 0.3083496 0.64404297 0.4855957
0 46 6.0 1.0 0.7089844 0.54296875 0.8730469 0.765625
0 46 6.0 1.0 0.45092773 0.6816406 0.63623047 0.93847656
0 46 6.0 0.99902344 0.34057617 0.38378906 0.45532227 0.5439453
0 46 6.0 0.99902344 0.38012695 0.46240234 0.53125 0.65966797
0 46 6.0 0.9614258 0.16491699 0.25024414 0.22961426 0.33569336
0 46 6.0 0.81152344 0.23339844 0.28173828 0.2890625 0.34375
0 47 6.0 1.0 0.45117188 0.6875 0.6386719 0.94433594
0 47 6.0 1.0 0.7109375 0.54785156 0.8769531 0.7705078
0 47 6.0 1.0 0.34399414 0.38671875 0.45629883 0.54589844
0 47 6.0 1.0 0.5239258 0.31054688 0.6459961 0.48779297
0 47 6.0 0.99902344 0.38183594 0.46533203 0.53271484 0.66259766
0 47 6.0 0.99902344 0.2878418 0.29345703 0.39819336 0.44970703
0 47 6.0 0.9526367 0.16357422 0.24914551 0.23071289 0.33642578
0 47 6.0 0.78808594 0.23461914 0.27978516 0.28979492 0.34472656
0 48 6.0 1.0 0.52783203 0.31201172 0.6489258 0.48828125
0 48 6.0 1.0 0.7109375 0.5488281 0.8808594 0.77441406
0 48 6.0 1.0 0.45825195 0.6933594 0.63671875 0.9423828
0 48 6.0 0.99902344 0.28881836 0.29467773 0.39916992 0.45336914
0 48 6.0 0.99902344 0.34399414 0.3864746 0.4567871 0.54833984
0 48 6.0 0.99902344 0.38452148 0.46923828 0.53466797 0.6635742
0 48 6.0 0.95947266 0.16357422 0.24914551 0.23217773 0.33618164
0 48 6.0 0.7973633 0.234375 0.27978516 0.29101562 0.34375
0 49 6.0 1.0 0.5292969 0.31298828 0.65234375 0.49072266
0 49 6.0 1.0 0.7128906 0.54833984 0.88183594 0.78271484
0 49 6.0 1.0 0.46044922 0.6982422 0.6381836 0.95410156
0 49 6.0 0.99902344 0.34326172 0.3857422 0.45996094 0.5493164
0 49 6.0 0.99902344 0.3857422 0.47070312 0.5366211 0.6669922
0 49 6.0 0.9980469 0.29052734 0.29492188 0.39990234 0.45214844
0 49 6.0 0.93359375 0.16455078 0.24865723 0.23095703 0.3359375
0 49 6.0 0.8457031 0.23547363 0.2788086 0.2919922 0.34423828
0 50 6.0 1.0 0.53271484 0.31445312 0.6557617 0.49414062
0 50 6.0 1.0 0.7167969 0.5546875 0.88183594 0.7841797
0 50 6.0 1.0 0.46142578 0.69921875 0.6411133 0.96191406
0 50 6.0 0.99902344 0.3876953 0.47583008 0.53759766 0.671875
0 50 6.0 0.9980469 0.2915039 0.29614258 0.40039062 0.45581055
0 50 6.0 0.9980469 0.34521484 0.3869629 0.4580078 0.5522461
0 50 6.0 0.91748047 0.16577148 0.24975586 0.23071289 0.33569336
0 50 6.0 0.81152344 0.2368164 0.27807617 0.29296875 0.34399414
0 51 6.0 1.0 0.53564453 0.31445312 0.6586914 0.4946289
0 51 6.0 1.0 0.7104492 0.5600586 0.8803711 0.78564453
0 51 6.0 1.0 0.46191406 0.70166016 0.6435547 0.96240234
0 51 6.0 0.99902344 0.38354492 0.48095703 0.5385742 0.68408203
0 51 6.0 0.9980469 0.29467773 0.29907227 0.40112305 0.45581055
0 51 6.0 0.99609375 0.34985352 0.3876953 0.46655273 0.55566406
0 51 6.0 0.9526367 0.16503906 0.2487793 0.23120117 0.33618164
0 51 6.0 0.87060547 0.23474121 0.27563477 0.2915039 0.35131836
0 52 6.0 1.0 0.53808594 0.3161621 0.6621094 0.49780273
0 52 6.0 1.0 0.70996094 0.5625 0.88378906 0.79296875
0 52 6.0 1.0 0.46264648 0.7109375 0.64404297 0.9716797
0 52 6.0 0.99902344 0.28393555 0.30371094 0.39624023 0.46240234
0 52 6.0 0.99902344 0.34545898 0.3947754 0.46411133 0.55566406
0 52 6.0 0.9951172 0.3935547 0.48364258 0.5395508 0.6767578
0 52 6.0 0.9614258 0.16516113 0.24914551 0.23156738 0.33642578
0 52 6.0 0.88427734 0.234375 0.27539062 0.29248047 0.35058594
0 53 6.0 1.0 0.54003906 0.3173828 0.6640625 0.49853516
0 53 6.0 1.0 0.7104492 0.56591797 0.88720703 0.7973633
0 53 6.0 1.0 0.46484375 0.71728516 0.6464844 0.9770508
0 53 6.0 0.99902344 0.2854004 0.30517578 0.39672852 0.46484375
0 53 6.0 0.9980469 0.34570312 0.39819336 0.46435547 0.5605469
0 53 6.0 0.9970703 0.39648438 0.4794922 0.53515625 0.6777344
0 53 6.0 0.9453125 0.16638184 0.24865723 0.23254395 0.33642578
0 53 6.0 0.8588867 0.23620605 0.27392578 0.29296875 0.35107422
0 54 6.0 1.0 0.54003906 0.3178711 0.66503906 0.5004883
0 54 6.0 1.0 0.71972656 0.56933594 0.8886719 0.80371094
0 54 6.0 1.0 0.46606445 0.72021484 0.64746094 0.98095703
0 54 6.0 0.99902344 0.28564453 0.30541992 0.39697266 0.46606445
0 54 6.0 0.99902344 0.34692383 0.40014648 0.4650879 0.56152344
0 54 6.0 0.9951172 0.39648438 0.48046875 0.53466797 0.68066406
0 54 6.0 0.95947266 0.16674805 0.24951172 0.23388672 0.3359375
0 54 6.0 0.88671875 0.2364502 0.2734375 0.29418945 0.35058594
0 55 6.0 1.0 0.2854004 0.3059082 0.3972168 0.46948242
0 55 6.0 1.0 0.5371094 0.31762695 0.65625 0.50390625
0 55 6.0 1.0 0.72314453 0.5722656 0.8901367 0.8076172
0 55 6.0 1.0 0.46704102 0.7265625 0.6513672 0.98535156
0 55 6.0 0.9980469 0.34765625 0.40063477 0.4658203 0.56396484
0 55 6.0 0.99609375 0.39013672 0.48779297 0.54345703 0.6948242
0 55 6.0 0.9741211 0.16699219 0.24841309 0.23339844 0.33666992
0 55 6.0 0.91259766 0.2364502 0.27294922 0.2944336 0.3491211
0 56 6.0 1.0 0.28637695 0.3076172 0.39916992 0.47265625
0 56 6.0 1.0 0.5395508 0.31713867 0.65771484 0.5053711
0 56 6.0 1.0 0.7260742 0.57421875 0.89404297 0.8105469
0 56 6.0 1.0 0.46826172 0.73046875 0.65478516 0.98828125
0 56 6.0 0.99902344 0.34838867 0.40234375 0.4650879 0.56640625
0 56 6.0 0.99609375 0.3930664 0.49316406 0.55371094 0.703125
0 56 6.0 0.9760742 0.1673584 0.24816895 0.23449707 0.33740234
0 56 6.0 0.91748047 0.2368164 0.27270508 0.29541016 0.34887695
0 57 6.0 1.0 0.46777344 0.73291016 0.65722656 0.98779297
0 57 6.0 1.0 0.72802734 0.57666016 0.8959961 0.81591797
0 57 6.0 1.0 0.5419922 0.32006836 0.66015625 0.50683594
0 57 6.0 1.0 0.28710938 0.30810547 0.39990234 0.47216797
0 57 6.0 0.9980469 0.34838867 0.40112305 0.46557617 0.5698242
0 57 6.0 0.9970703 0.39648438 0.4946289 0.5566406 0.7055664
0 57 6.0 0.96777344 0.16882324 0.2479248 0.23498535 0.33789062
0 57 6.0 0.87597656 0.23840332 0.27148438 0.296875 0.3486328
0 58 6.0 1.0 0.46850586 0.7421875 0.6635742 0.98828125
0 58 6.0 1.0 0.73095703 0.5830078 0.8979492 0.8203125
0 58 6.0 1.0 0.54248047 0.32128906 0.66259766 0.5078125
0 58 6.0 1.0 0.28857422 0.30810547 0.40283203 0.4741211
0 58 6.0 0.99902344 0.34692383 0.40039062 0.47338867 0.5786133
0 58 6.0 0.9970703 0.39770508 0.49487305 0.5576172 0.7089844
0 58 6.0 0.9604492 0.16967773 0.24853516 0.23535156 0.33740234
0 58 6.0 0.8911133 0.23132324 0.2697754 0.29541016 0.35229492
0 59 6.0 1.0 0.29052734 0.3088379 0.4038086 0.47436523
0 59 6.0 1.0 0.5439453 0.3227539 0.6640625 0.5083008
0 59 6.0 1.0 0.34887695 0.40234375 0.4729004 0.57714844
0 59 6.0 1.0 0.7319336 0.5883789 0.9038086 0.8227539
0 59 6.0 1.0 0.46728516 0.7495117 0.65966797 0.99658203
0 59 6.0 0.99902344 0.3972168 0.49804688 0.55810547 0.7138672
0 59 6.0 0.97509766 0.1685791 0.24804688 0.23693848 0.33740234
0 59 6.0 0.91748047 0.23242188 0.2697754 0.296875 0.35083008
0 60 6.0 1.0 0.29077148 0.31054688 0.4050293 0.47753906
0 60 6.0 1.0 0.5449219 0.32421875 0.66503906 0.5078125
0 60 6.0 1.0 0.34838867 0.40527344 0.47192383 0.5810547
0 60 6.0 1.0 0.73095703 0.59228516 0.90283203 0.82958984
0 60 6.0 1.0 0.4675293 0.7529297 0.66308594 0.99902344
0 60 6.0 0.99902344 0.39990234 0.49902344 0.55908203 0.71777344
0 60 6.0 0.97265625 0.16870117 0.24682617 0.23779297 0.33764648
0 60 6.0 0.9350586 0.23266602 0.2697754 0.29858398 0.35083008
0 61 6.0 1.0 0.47314453 0.7583008 0.66845703 1.0
0 61 6.0 1.0 0.7324219 0.59716797 0.90625 0.83447266
0 61 6.0 1.0 0.34814453 0.40844727 0.46875 0.5839844
0 61 6.0 1.0 0.5439453 0.33129883 0.6689453 0.5073242
0 61 6.0 1.0 0.2915039 0.3125 0.40478516 0.47998047
0 61 6.0 0.9980469 0.39868164 0.50341797 0.55908203 0.7211914
0 61 6.0 0.9633789 0.16918945 0.24707031 0.23876953 0.33740234
0 61 6.0 0.9536133 0.23352051 0.27001953 0.30029297 0.35058594
0 62 6.0 1.0 0.29248047 0.31323242 0.40527344 0.4831543
0 62 6.0 1.0 0.5439453 0.3317871 0.67089844 0.50878906
0 62 6.0 1.0 0.34838867 0.41015625 0.46801758 0.5878906
0 62 6.0 1.0 0.7338867 0.60058594 0.9086914 0.8388672
0 62 6.0 1.0 0.47192383 0.76171875 0.6689453 1.0039062
0 62 6.0 0.99902344 0.39868164 0.5073242 0.56152344 0.72509766
0 62 6.0 0.96777344 0.23486328 0.27026367 0.30126953 0.34936523
0 62 6.0 0.9604492 0.16760254 0.24609375 0.23815918 0.33544922
0 63 6.0 1.0 0.47631836 0.7636719 0.6699219 1.0009766
0 63 6.0 1.0 0.7348633 0.6035156 0.91259766 0.84375
0 63 6.0 1.0 0.3491211 0.41259766 0.4711914 0.59228516
0 63 6.0 1.0 0.5439453 0.33154297 0.6689453 0.5180664
0 63 6.0 1.0 0.29345703 0.31420898 0.40625 0.48364258
0 63 6.0 0.9980469 0.39916992 0.5073242 0.5625 0.72998047
0 63 6.0 0.9790039 0.23571777 0.27026367 0.30200195 0.34887695
0 63 6.0 0.96875 0.16796875 0.24536133 0.23901367 0.33520508
0 64 6.0 1.0 0.2939453 0.3161621 0.40478516 0.4855957
0 64 6.0 1.0 0.5449219 0.33422852 0.67089844 0.5205078
0 64 6.0 1.0 0.35351562 0.41064453 0.47607422 0.59716797
0 64 6.0 1.0 0.7348633 0.6040039 0.91748047 0.8461914
0 64 6.0 1.0 0.48120117 0.7729492 0.67285156 0.99853516
0 64 6.0 0.99609375 0.40185547 0.5083008 0.56347656 0.73095703
0 64 6.0 0.9838867 0.23632812 0.26879883 0.30273438 0.34838867
0 64 6.0 0.9770508 0.16748047 0.24645996 0.23876953 0.33496094
0 65 6.0 1.0 0.4807129 0.77783203 0.6767578 1.0019531
0 65 6.0 1.0 0.74365234 0.60546875 0.9194336 0.85058594
0 65 6.0 1.0 0.35302734 0.41137695 0.47753906 0.59814453
0 65 6.0 1.0 0.54785156 0.33569336 0.6738281 0.5205078
0 65 6.0 1.0 0.2927246 0.31225586 0.4025879 0.49047852
0 65 6.0 0.9970703 0.4013672 0.50878906 0.56640625 0.734375
0 65 6.0 0.9863281 0.23730469 0.26782227 0.30371094 0.34838867
0 65 6.0 0.9760742 0.16723633 0.2442627 0.2397461 0.33422852
0 66 6.0 1.0 0.48535156 0.78222656 0.67578125 0.9980469
0 66 6.0 1.0 0.7475586 0.6098633 0.92333984 0.8569336
0 66 6.0 1.0 0.35424805 0.41503906 0.47875977 0.60058594
0 66 6.0 1.0 0.5488281 0.3347168 0.6748047 0.52246094
0 66 6.0 1.0 0.2944336 0.31274414 0.40429688 0.49389648
0 66 6.0 0.99902344 0.4033203 0.5214844 0.5708008 0.7441406
0 66 6.0 0.9863281 0.23803711 0.26757812 0.30444336 0.3486328
0 66 6.0 0.96777344 0.16796875 0.24365234 0.24023438 0.33398438
0 67 6.0 1.0 0.4873047 0.7890625 0.6796875 0.99902344
0 67 6.0 1.0 0.7495117 0.61572266 0.92529297 0.8618164
0 67 6.0 1.0 0.35498047 0.4169922 0.47998047 0.6035156
0 67 6.0 1.0 0.55126953 0.33520508 0.67626953 0.5234375
0 67 6.0 1.0 0.2939453 0.3137207 0.40722656 0.4934082
0 67 6.0 0.99902344 0.40454102 0.5239258 0.57128906 0.74853516
0 67 6.0 0.9863281 0.23901367 0.26660156 0.30444336 0.3491211
0 67 6.0 0.97265625 0.16894531 0.24414062 0.24023438 0.33398438
0 68 6.0 1.0 0.40625 0.52734375 0.57128906 0.75390625
0 68 6.0 1.0 0.4873047 0.7915039 0.68066406 0.9995117
0 68 6.0 1.0 0.29516602 0.31640625 0.40893555 0.49365234
0 68 6.0 1.0 0.5546875 0.3383789 0.67871094 0.52441406
0 68 6.0 1.0 0.35058594 0.4230957 0.48242188 0.60839844
0 68 6.0 1.0 0.7470703 0.62402344 0.9238281 0.87109375
0 68 6.0 0.984375 0.2401123 0.265625 0.30444336 0.35058594
0 68 6.0 0.9760742 0.16955566 0.24316406 0.2401123 0.33496094
0 69 6.0 1.0 0.29785156 0.31835938 0.4116211 0.49023438
0 69 6.0 1.0 0.55810547 0.33984375 0.6821289 0.52490234
0 69 6.0 1.0 0.35131836 0.42651367 0.48364258 0.6113281
0 69 6.0 1.0 0.40673828 0.5288086 0.5732422 0.75634766
0 69 6.0 1.0 0.75 0.6269531 0.9248047 0.87402344
0 69 6.0 1.0 0.4868164 0.79785156 0.68115234 1.0048828
0 69 6.0 0.9873047 0.2401123 0.26611328 0.30493164 0.35107422
0 69 6.0 0.97314453 0.17028809 0.24169922 0.24035645 0.33447266
0 70 6.0 1.0 0.4873047 0.8022461 0.67871094 1.0039062
0 70 6.0 1.0 0.75390625 0.6298828 0.92578125 0.8779297
0 70 6.0 1.0 0.40771484 0.53125 0.57470703 0.75878906
0 70 6.0 1.0 0.35229492 0.42919922 0.48217773 0.6147461
0 70 6.0 1.0 0.5605469 0.34155273 0.68359375 0.52783203
0 70 6.0 1.0 0.29833984 0.31982422 0.4111328 0.49316406
0 70 6.0 0.98291016 0.23986816 0.26586914 0.3046875 0.35131836
0 70 6.0 0.9667969 0.17089844 0.24194336 0.24121094 0.33520508
0 71 6.0 1.0 0.4934082 0.8071289 0.6826172 1.0009766
0 71 6.0 1.0 0.7573242 0.6303711 0.9321289 0.8803711
0 71 6.0 1.0 0.35766602 0.42749023 0.48510742 0.62353516
0 71 6.0 1.0 0.5625 0.34179688 0.6855469 0.5292969
0 71 6.0 1.0 0.30371094 0.32495117 0.4189453 0.48754883
0 71 6.0 0.99902344 0.40722656 0.5390625 0.57714844 0.76171875
0 71 6.0 0.97998047 0.2409668 0.26513672 0.30493164 0.35058594
0 71 6.0 0.9614258 0.171875 0.24194336 0.24121094 0.33569336
0 72 6.0 1.0 0.35839844 0.4309082 0.4873047 0.62060547
0 72 6.0 1.0 0.49609375 0.8144531 0.68652344 0.99902344
0 72 6.0 1.0 0.7573242 0.63183594 0.9370117 0.8847656
0 72 6.0 1.0 0.5654297 0.34204102 0.68847656 0.53125
0 72 6.0 1.0 0.30639648 0.32739258 0.42114258 0.49389648
0 72 6.0 0.99902344 0.40649414 0.54248047 0.5751953 0.76904297
0 72 6.0 0.984375 0.24169922 0.26586914 0.30615234 0.3503418
0 72 6.0 0.96240234 0.17260742 0.24230957 0.2421875 0.3359375
0 73 6.0 1.0 0.30786133 0.32788086 0.42358398 0.4934082
0 73 6.0 1.0 0.5678711 0.34277344 0.69189453 0.5332031
0 73 6.0 1.0 0.35961914 0.43481445 0.4880371 0.6220703
0 73 6.0 1.0 0.41357422 0.55371094 0.58740234 0.77441406
0 73 6.0 1.0 0.7597656 0.63671875 0.9433594 0.8935547
0 73 6.0 1.0 0.4970703 0.8178711 0.6875 0.9975586
0 73 6.0 0.97802734 0.24328613 0.265625 0.30615234 0.35058594
0 73 6.0 0.9526367 0.17407227 0.24157715 0.24267578 0.3359375
0 74 6.0 1.0 0.30908203 0.32861328 0.42382812 0.49414062
0 74 6.0 1.0 0.5683594 0.3466797 0.6923828 0.5341797
0 74 6.0 1.0 0.36132812 0.43359375 0.48779297 0.6191406
0 74 6.0 1.0 0.40722656 0.55078125 0.57910156 0.7792969
0 74 6.0 1.0 0.76123047 0.64208984 0.9477539 0.8979492
0 74 6.0 0.9970703 0.4921875 0.8300781 0.69433594 0.99902344
0 74 6.0 0.96972656 0.24475098 0.26586914 0.30615234 0.3503418
0 74 6.0 0.9536133 0.17541504 0.2409668 0.24353027 0.33569336
0 75 6.0 1.0 0.31030273 0.32910156 0.42797852 0.4951172
0 75 6.0 1.0 0.56884766 0.34765625 0.6948242 0.5366211
0 75 6.0 1.0 0.36157227 0.4399414 0.4880371 0.62060547
0 75 6.0 1.0 0.4074707 0.55371094 0.57910156 0.7832031
0 75 6.0 1.0 0.7631836 0.64941406 0.95166016 0.90234375
0 75 6.0 0.9970703 0.4909668 0.8388672 0.6977539 1.0
0 75 6.0 0.9819336 0.2454834 0.26611328 0.3071289 0.34814453
0 75 6.0 0.9526367 0.17602539 0.24072266 0.24511719 0.33691406
0 76 6.0 1.0 0.3100586 0.33007812 0.4267578 0.4946289
0 76 6.0 1.0 0.56640625 0.34716797 0.69140625 0.5395508
0 76 6.0 1.0 0.36132812 0.44335938 0.48779297 0.6220703
0 76 6.0 1.0 0.40771484 0.5551758 0.5786133 0.78759766
0 76 6.0 1.0 0.76171875 0.6542969 0.9472656 0.90625
0 76 6.0 0.9980469 0.50439453 0.83740234 0.6948242 0.9926758
0 76 6.0 0.97802734 0.2467041 0.26635742 0.30810547 0.3479004
0 76 6.0 0.93847656 0.17651367 0.24121094 0.24560547 0.33691406
0 77 6.0 1.0 0.31152344 0.33032227 0.4296875 0.49536133
0 77 6.0 1.0 0.5683594 0.3486328 0.6933594 0.5410156
0 77 6.0 1.0 0.36376953 0.4411621 0.4921875 0.63671875
0 77 6.0 1.0 0.41015625 0.5566406 0.578125 0.7890625
0 77 6.0 1.0 0.76220703 0.6557617 0.9526367 0.9116211
0 77 6.0 0.99609375 0.5058594 0.8417969 0.69628906 0.9921875
0 77 6.0 0.96875 0.24816895 0.26635742 0.30859375 0.3479004
0 77 6.0 0.95166016 0.17700195 0.23999023 0.24658203 0.33618164
0 78 6.0 1.0 0.31347656 0.33422852 0.4321289 0.4958496
0 78 6.0 1.0 0.56884766 0.34960938 0.6948242 0.5449219
0 78 6.0 1.0 0.3647461 0.44335938 0.4946289 0.6386719
0 78 6.0 1.0 0.41503906 0.56103516 0.5888672 0.79541016
0 78 6.0 1.0 0.77001953 0.6611328 0.9604492 0.9160156
0 78 6.0 0.9951172 0.5048828 0.8457031 0.6923828 0.99121094
0 78 6.0 0.9790039 0.24902344 0.26635742 0.3095703 0.34692383
0 78 6.0 0.9589844 0.17834473 0.24023438 0.24719238 0.3359375
0 79 6.0 1.0 0.31323242 0.3347168 0.43579102 0.5029297
0 79 6.0 1.0 0.5698242 0.35083008 0.6977539 0.5488281
0 79 6.0 1.0 0.36816406 0.44628906 0.49658203 0.6386719
0 79 6.0 1.0 0.4128418 0.5649414 0.5908203 0.80126953
0 79 6.0 1.0 0.77001953 0.6645508 0.9584961 0.9223633
0 79 6.0 0.99121094 0.50439453 0.85253906 0.6977539 0.9970703
0 79 6.0 0.97314453 0.25024414 0.26586914 0.30981445 0.34692383
0 79 6.0 0.94384766 0.17871094 0.23950195 0.2475586 0.33618164
0 80 6.0 1.0 0.3154297 0.3334961 0.43896484 0.5048828
0 80 6.0 1.0 0.5708008 0.35375977 0.7006836 0.5522461
0 80 6.0 1.0 0.36816406 0.45141602 0.49804688 0.64160156
0 80 6.0 1.0 0.41259766 0.5703125 0.5913086 0.8046875
0 80 6.0 1.0 0.7709961 0.6669922 0.95947266 0.92871094
0 80 6.0 0.9970703 0.5053711 0.8598633 0.69970703 0.99658203
0 80 6.0 0.9589844 0.25146484 0.26611328 0.3100586 0.34716797
0 80 6.0 0.9453125 0.17834473 0.23864746 0.24768066 0.33569336
0 81 6.0 1.0 0.31445312 0.33374023 0.4404297 0.5107422
0 81 6.0 1.0 0.5708008 0.3557129 0.69970703 0.55371094
0 81 6.0 1.0 0.3720703 0.45214844 0.50097656 0.6435547
0 81 6.0 1.0 0.41308594 0.57177734 0.59472656 0.80810547
0 81 6.0 1.0 0.77001953 0.67089844 0.9682617 0.94140625
0 81 6.0 0.99609375 0.50683594 0.8666992 0.6982422 0.9946289
0 81 6.0 0.9550781 0.2524414 0.26464844 0.3095703 0.3461914
0 81 6.0 0.9536133 0.1784668 0.23840332 0.24804688 0.3359375
0 82 6.0 1.0 0.5727539 0.35742188 0.7006836 0.5546875
0 82 6.0 1.0 0.37231445 0.45263672 0.50146484 0.64697266
0 82 6.0 1.0 0.41601562 0.57373047 0.5957031 0.8120117
0 82 6.0 1.0 0.7729492 0.67578125 0.9692383 0.94433594
0 82 6.0 0.99902344 0.3161621 0.33813477 0.44067383 0.51171875
0 82 6.0 0.99609375 0.5097656 0.8730469 0.7001953 0.9941406
0 82 6.0 0.9550781 0.1796875 0.23791504 0.24926758 0.33642578
0 82 6.0 0.9453125 0.25341797 0.26367188 0.31054688 0.3461914
0 83 6.0 1.0 0.5756836 0.36083984 0.70458984 0.55615234
0 83 6.0 1.0 0.4177246 0.57714844 0.59472656 0.81640625
0 83 6.0 1.0 0.77685547 0.68603516 0.96728516 0.94091797
0 83 6.0 0.99902344 0.3154297 0.33764648 0.44580078 0.5161133
0 83 6.0 0.99902344 0.37304688 0.45458984 0.5029297 0.6508789
0 83 6.0 0.9941406 0.515625 0.8823242 0.7011719 0.99560547
0 83 6.0 0.96240234 0.17956543 0.23864746 0.25 0.33544922
0 83 6.0 0.91748047 0.25341797 0.26367188 0.31054688 0.3461914
0 84 6.0 1.0 0.7792969 0.6875 0.97265625 0.9482422
0 84 6.0 1.0 0.42016602 0.58154297 0.59472656 0.8178711
0 84 6.0 1.0 0.5761719 0.36328125 0.70703125 0.5571289
0 84 6.0 0.99902344 0.31591797 0.33984375 0.4477539 0.52001953
0 84 6.0 0.9980469 0.37329102 0.4543457 0.5019531 0.6513672
0 84 6.0 0.9892578 0.5209961 0.88623047 0.6977539 0.99560547
0 84 6.0 0.9716797 0.17993164 0.23925781 0.25146484 0.33496094
0 84 6.0 0.9160156 0.2536621 0.26391602 0.3112793 0.34643555
0 85 6.0 1.0 0.57714844 0.36401367 0.70996094 0.5595703
0 85 6.0 1.0 0.41796875 0.5830078 0.5908203 0.8222656
0 85 6.0 1.0 0.78125 0.6904297 0.9736328 0.9560547
0 85 6.0 0.9970703 0.31713867 0.3408203 0.44799805 0.52001953
0 85 6.0 0.9970703 0.37451172 0.46289062 0.49853516 0.6640625
0 85 6.0 0.96875 0.1809082 0.2397461 0.2512207 0.33496094
0 85 6.0 0.95703125 0.52197266 0.88964844 0.6928711 0.9951172
0 85 6.0 0.9291992 0.25439453 0.26342773 0.3125 0.34594727
0 86 6.0 1.0 0.7817383 0.6953125 0.97509766 0.9658203
0 86 6.0 1.0 0.42016602 0.5854492 0.60253906 0.83251953
0 86 6.0 1.0 0.5800781 0.36450195 0.7128906 0.5625
0 86 6.0 0.99902344 0.37841797 0.4621582 0.50097656 0.66796875
0 86 6.0 0.9970703 0.3178711 0.34179688 0.4482422 0.52001953
0 86 6.0 0.9526367 0.18139648 0.23986816 0.25219727 0.33496094
0 86 6.0 0.9375 0.5234375 0.8964844 0.69628906 0.9951172
0 86 6.0 0.93115234 0.24902344 0.26123047 0.31298828 0.34960938
0 87 6.0 1.0 0.7890625 0.6972656 0.98339844 0.96972656
0 87 6.0 1.0 0.41992188 0.58935547 0.60546875 0.83740234
0 87 6.0 1.0 0.58203125 0.36572266 0.71484375 0.5649414
0 87 6.0 0.99902344 0.38085938 0.4650879 0.50341797 0.66796875
0 87 6.0 0.99609375 0.30859375 0.34936523 0.43554688 0.52685547
0 87 6.0 0.9633789 0.53027344 0.9038086 0.69921875 0.9946289
0 87 6.0 0.9536133 0.24902344 0.26000977 0.31396484 0.34936523
0 87 6.0 0.94970703 0.1817627 0.23925781 0.2541504 0.33496094
0 88 6.0 1.0 0.79003906 0.70214844 0.984375 0.9785156
0 88 6.0 1.0 0.421875 0.59228516 0.60546875 0.8432617
0 88 6.0 1.0 0.58496094 0.36621094 0.71777344 0.5678711
0 88 6.0 0.99902344 0.38085938 0.46533203 0.50439453 0.67041016
0 88 6.0 0.9980469 0.3076172 0.35375977 0.4399414 0.52734375
0 88 6.0 0.9580078 0.18725586 0.23828125 0.25390625 0.33398438
0 88 6.0 0.9550781 0.24951172 0.25976562 0.31445312 0.3486328
0 88 6.0 0.9111328 0.53125 0.9135742 0.6953125 0.99560547
0 89 6.0 1.0 0.30859375 0.35180664 0.43847656 0.5292969
0 89 6.0 1.0 0.5864258 0.36669922 0.7192383 0.5683594
0 89 6.0 1.0 0.38012695 0.46533203 0.5073242 0.6791992
0 89 6.0 1.0 0.4243164 0.59472656 0.6069336 0.84472656
0 89 6.0 1.0 0.7915039 0.70947266 0.98779297 0.98291016
0 89 6.0 0.9667969 0.24987793 0.26049805 0.3154297 0.3474121
0 89 6.0 0.9301758 0.18811035 0.23657227 0.25463867 0.3347168
0 89 6.0 0.5600586 0.5317383 0.9213867 0.69189453 0.99560547
0 90 6.0 1.0 0.3100586 0.3527832 0.44140625 0.53125
0 90 6.0 1.0 0.58935547 0.3701172 0.7211914 0.57128906
0 90 6.0 1.0 0.37939453 0.46777344 0.50927734 0.68847656
0 90 6.0 1.0 0.42871094 0.59765625 0.609375 0.84765625
0 90 6.0 1.0 0.7949219 0.71728516 0.99121094 0.9838867
0 90 6.0 0.97998047 0.24975586 0.2602539 0.3166504 0.34765625
0 90 6.0 0.94189453 0.18896484 0.23608398 0.25561523 0.3347168
0 91 6.0 1.0 0.31225586 0.35009766 0.44213867 0.5366211
0 91 6.0 1.0 0.5908203 0.37402344 0.7216797 0.5732422
0 91 6.0 1.0 0.42871094 0.60546875 0.61035156 0.85546875
0 91 6.0 1.0 0.796875 0.7163086 0.9941406 0.97998047
0 91 6.0 0.99902344 0.38085938 0.4729004 0.51171875 0.69189453
0 91 6.0 0.9790039 0.25048828 0.26000977 0.31689453 0.34936523
0 91 6.0 0.9248047 0.18908691 0.23510742 0.25585938 0.33569336
0 92 6.0 1.0 0.3137207 0.35351562 0.4416504 0.5385742
0 92 6.0 1.0 0.5913086 0.37158203 0.72509766 0.57470703
0 92 6.0 1.0 0.38134766 0.47705078 0.51220703 0.69189453
0 92 6.0 1.0 0.43115234 0.6088867 0.61083984 0.8598633
0 92 6.0 1.0 0.7993164 0.7216797 0.9946289 0.9824219
0 92 6.0 0.9790039 0.25195312 0.2607422 0.3178711 0.3491211
0 92 6.0 0.94140625 0.18286133 0.23754883 0.2475586 0.33520508
0 93 6.0 1.0 0.31201172 0.35302734 0.44140625 0.54003906
0 93 6.0 1.0 0.59472656 0.3720703 0.72753906 0.5776367
0 93 6.0 1.0 0.43286133 0.6088867 0.6123047 0.8647461
0 93 6.0 1.0 0.80322266 0.72509766 0.9975586 0.9868164
0 93 6.0 0.9980469 0.3828125 0.47851562 0.5151367 0.69628906
0 93 6.0 0.97802734 0.25195312 0.25878906 0.31835938 0.34960938
0 93 6.0 0.9243164 0.18969727 0.23486328 0.25732422 0.33642578
0 94 6.0 1.0 0.31396484 0.3515625 0.4423828 0.5410156
0 94 6.0 1.0 0.59472656 0.3725586 0.73046875 0.5805664
0 94 6.0 1.0 0.43237305 0.61279297 0.61328125 0.87158203
0 94 6.0 1.0 0.8017578 0.7294922 1.0009766 0.99316406
0 94 6.0 0.99902344 0.38354492 0.48876953 0.5209961 0.7036133
0 94 6.0 0.97802734 0.25341797 0.25952148 0.31884766 0.34887695
0 94 6.0 0.90722656 0.18432617 0.23583984 0.24951172 0.3359375
0 95 6.0 1.0 0.31396484 0.3540039 0.44091797 0.54052734
0 95 6.0 1.0 0.5942383 0.37304688 0.73291016 0.58251953
0 95 6.0 1.0 0.4350586 0.6171875 0.6176758 0.875
0 95 6.0 1.0 0.8041992 0.73291016 1.0019531 0.9995117
0 95 6.0 0.99902344 0.38354492 0.4880371 0.5263672 0.7089844
0 95 6.0 0.97802734 0.25268555 0.25927734 0.32006836 0.34814453
0 95 6.0 0.91845703 0.18518066 0.23510742 0.24987793 0.33666992
0 96 6.0 1.0 0.31396484 0.35498047 0.4404297 0.5444336
0 96 6.0 1.0 0.59277344 0.37597656 0.72753906 0.58935547
0 96 6.0 1.0 0.4375 0.62109375 0.6171875 0.8779297
0 96 6.0 1.0 0.8076172 0.7416992 1.0019531 0.9995117
0 96 6.0 0.9980469 0.38476562 0.4897461 0.52734375 0.7114258
0 96 6.0 0.98095703 0.25341797 0.25878906 0.32128906 0.34814453
0 96 6.0 0.9506836 0.18530273 0.23571777 0.2512207 0.33666992
0 97 6.0 1.0 0.3149414 0.3552246 0.44482422 0.55078125
0 97 6.0 1.0 0.59521484 0.38134766 0.72998047 0.5908203
0 97 6.0 1.0 0.43310547 0.6269531 0.6196289 0.8876953
0 97 6.0 1.0 0.80908203 0.7446289 1.0 0.99853516
0 97 6.0 0.99902344 0.38720703 0.4909668 0.52685547 0.71777344
0 97 6.0 0.98095703 0.25512695 0.26000977 0.32202148 0.3474121
0 97 6.0 0.9658203 0.1862793 0.23571777 0.25390625 0.33813477
0 98 6.0 1.0 0.31591797 0.35717773 0.44873047 0.5527344
0 98 6.0 1.0 0.59716797 0.3840332 0.73291016 0.59277344
0 98 6.0 1.0 0.44091797 0.63378906 0.6196289 0.88964844
0 98 6.0 1.0 0.8071289 0.75097656 1.0 0.99316406
0 98 6.0 0.99902344 0.3876953 0.49365234 0.52734375 0.7192383
0 98 6.0 0.98095703 0.2565918 0.25952148 0.32299805 0.34692383
0 98 6.0 0.9550781 0.18725586 0.23571777 0.25439453 0.33813477
0 99 6.0 1.0 0.31567383 0.35717773 0.45336914 0.55615234
0 99 6.0 1.0 0.59814453 0.38745117 0.7368164 0.5917969
0 99 6.0 1.0 0.44018555 0.63378906 0.61816406 0.89453125
0 99 6.0 1.0 0.8095703 0.7558594 1.0 0.9941406
0 99 6.0 0.99902344 0.3894043 0.49560547 0.53027344 0.72314453
0 99 6.0 0.9819336 0.25927734 0.25854492 0.32373047 0.34594727
0 99 6.0 0.9790039 0.18737793 0.23706055 0.25683594 0.33911133
0 100 6.0 1.0 0.5991211 0.3881836 0.7397461 0.59521484
0 100 6.0 1.0 0.4399414 0.63720703 0.62060547 0.90283203
0 100 6.0 1.0 0.8129883 0.7602539 0.99853516 0.99560547
0 100 6.0 0.99902344 0.3173828 0.36206055 0.44970703 0.5551758
0 100 6.0 0.9970703 0.39208984 0.49951172 0.5332031 0.7241211
0 100 6.0 0.9819336 0.25976562 0.2590332 0.32421875 0.34448242
0 100 6.0 0.9741211 0.18920898 0.23583984 0.25952148 0.3388672
0 101 6.0 1.0 0.5986328 0.3881836 0.7421875 0.5986328
0 101 6.0 1.0 0.4404297 0.6401367 0.6220703 0.9086914
0 101 6.0 1.0 0.8178711 0.7636719 0.9975586 0.99609375
0 101 6.0 0.99902344 0.31884766 0.3642578 0.44970703 0.5566406
0 101 6.0 0.9970703 0.39501953 0.5024414 0.5341797 0.7241211
0 101 6.0 0.98535156 0.2607422 0.25854492 0.3251953 0.3449707
0 101 6.0 0.9472656 0.1895752 0.23425293 0.25878906 0.33813477
0 102 6.0 1.0 0.8198242 0.7714844 0.9975586 0.99902344
0 102 6.0 1.0 0.44189453 0.6425781 0.62353516 0.9140625
0 102 6.0 1.0 0.5991211 0.3869629 0.74365234 0.6040039
0 102 6.0 0.99902344 0.32177734 0.36938477 0.44921875 0.5576172
0 102 6.0 0.9951172 0.39746094 0.5078125 0.53466797 0.73046875
0 102 6.0 0.9838867 0.26293945 0.25878906 0.32592773 0.34521484
0 102 6.0 0.95947266 0.19018555 0.23498535 0.2602539 0.33740234
0 103 6.0 1.0 0.6015625 0.38842773 0.74609375 0.60546875
0 103 6.0 1.0 0.44213867 0.6484375 0.6333008 0.921875
0 103 6.0 1.0 0.81933594 0.7763672 0.9980469 0.9970703
0 103 6.0 0.9980469 0.3215332 0.3684082 0.4494629 0.5625
0 103 6.0 0.99316406 0.39794922 0.51708984 0.5395508 0.7446289
0 103 6.0 0.98291016 0.2644043 0.2590332 0.32592773 0.34448242
0 103 6.0 0.96972656 0.1899414 0.23461914 0.2619629 0.33911133
0 104 6.0 1.0 0.6035156 0.39257812 0.7480469 0.6074219
0 104 6.0 1.0 0.44360352 0.6513672 0.6347656 0.92871094
0 104 6.0 1.0 0.8198242 0.7807617 0.9975586 0.9975586
0 104 6.0 0.99902344 0.3227539 0.36743164 0.45214844 0.56689453
0 104 6.0 0.99316406 0.39208984 0.51708984 0.5385742 0.7397461
0 104 6.0 0.9790039 0.26538086 0.25854492 0.3269043 0.34448242
0 104 6.0 0.9707031 0.19152832 0.23474121 0.26245117 0.33764648
0 105 6.0 1.0 0.60595703 0.39672852 0.7524414 0.6098633
0 105 6.0 1.0 0.44482422 0.6538086 0.6333008 0.93310547
0 105 6.0 1.0 0.82373047 0.7871094 1.0 0.9921875
0 105 6.0 0.99902344 0.3232422 0.3720703 0.4560547 0.5654297
0 105 6.0 0.99609375 0.3935547 0.5209961 0.5395508 0.7475586
0 105 6.0 0.9770508 0.26635742 0.25854492 0.32739258 0.34399414
0 105 6.0 0.96972656 0.19189453 0.234375 0.2626953 0.33740234
0 106 6.0 1.0 0.6118164 0.39892578 0.75439453 0.6166992
0 106 6.0 1.0 0.44628906 0.6699219 0.6347656 0.9355469
0 106 6.0 1.0 0.8256836 0.7919922 0.9995117 0.9941406
0 106 6.0 0.99902344 0.32299805 0.37475586 0.45581055 0.5678711
0 106 6.0 0.9970703 0.39233398 0.52734375 0.5449219 0.7558594
0 106 6.0 0.96875 0.19165039 0.23278809 0.26293945 0.33862305
0 106 6.0 0.96777344 0.26757812 0.25878906 0.32861328 0.34423828
0 107 6.0 1.0 0.6147461 0.40161133 0.7553711 0.61865234
0 107 6.0 1.0 0.44628906 0.6713867 0.63671875 0.94091797
0 107 6.0 1.0 0.8276367 0.7988281 0.99853516 0.99609375
0 107 6.0 0.99902344 0.3227539 0.37524414 0.4555664 0.56933594
0 107 6.0 0.99902344 0.39941406 0.52978516 0.5444336 0.7583008
0 107 6.0 0.96777344 0.26831055 0.25854492 0.32983398 0.34448242
0 107 6.0 0.9589844 0.19360352 0.23327637 0.2631836 0.33911133
0 108 6.0 1.0 0.6152344 0.4020996 0.7578125 0.6201172
0 108 6.0 1.0 0.4465332 0.6738281 0.63720703 0.94628906
0 108 6.0 1.0 0.82714844 0.8027344 0.9980469 1.0029297
0 108 6.0 0.99902344 0.32373047 0.37670898 0.4560547 0.5683594
0 108 6.0 0.9970703 0.40014648 0.53564453 0.546875 0.7602539
0 108 6.0 0.97314453 0.1940918 0.23303223 0.26464844 0.33984375
0 108 6.0 0.96777344 0.2607422 0.2553711 0.33007812 0.34570312
0 109 6.0 1.0 0.83251953 0.8095703 0.9975586 1.0039062
0 109 6.0 1.0 0.44628906 0.67578125 0.6376953 0.9511719
0 109 6.0 1.0 0.6166992 0.40405273 0.7583008 0.62109375
0 109 6.0 0.99902344 0.32373047 0.3774414 0.45214844 0.56884766
0 109 6.0 0.99609375 0.40161133 0.54003906 0.5488281 0.7626953
0 109 6.0 0.9760742 0.26123047 0.25463867 0.33154297 0.34545898
0 109 6.0 0.96777344 0.19421387 0.23291016 0.26513672 0.34033203
0 110 6.0 1.0 0.32421875 0.38085938 0.4580078 0.57373047
0 110 6.0 1.0 0.6166992 0.40576172 0.7583008 0.62353516
0 110 6.0 1.0 0.4489746 0.67822266 0.6401367 0.95751953
0 110 6.0 0.99902344 0.83935547 0.81347656 1.0 0.99902344
0 110 6.0 0.9951172 0.40893555 0.53515625 0.5449219 0.76953125
0 110 6.0 0.9741211 0.2631836 0.2541504 0.33203125 0.34545898
0 110 6.0 0.96875 0.19519043 0.2331543 0.26538086 0.33911133
0 111 6.0 1.0 0.3251953 0.38183594 0.45751953 0.57666016
0 111 6.0 1.0 0.6176758 0.4086914 0.75927734 0.6225586
0 111 6.0 1.0 0.44921875 0.6826172 0.640625 0.96191406
0 111 6.0 0.9980469 0.8432617 0.81933594 0.99853516 0.9970703
0 111 6.0 0.9902344 0.3996582 0.54296875 0.5517578 0.76660156
0 111 6.0 0.98095703 0.19641113 0.23352051 0.26733398 0.33984375
0 111 6.0 0.9658203 0.26416016 0.2529297 0.3330078 0.3461914
0 112 6.0 1.0 0.61816406 0.41186523 0.7626953 0.625
0 112 6.0 1.0 0.45214844 0.6870117 0.64160156 0.9633789
0 112 6.0 0.99902344 0.3256836 0.38476562 0.4663086 0.5810547
0 112 6.0 0.9980469 0.84375 0.82421875 0.99902344 0.9970703
0 112 6.0 0.9951172 0.4020996 0.54541016 0.55322266 0.7709961
0 112 6.0 0.9819336 0.19677734 0.23486328 0.26831055 0.33935547
0 112 6.0 0.96972656 0.26513672 0.2524414 0.33398438 0.3461914
0 113 6.0 1.0 0.45581055 0.69091797 0.6430664 0.96728516
0 113 6.0 1.0 0.6191406 0.41625977 0.7636719 0.62890625
0 113 6.0 0.99902344 0.3269043 0.3857422 0.46801758 0.5839844
0 113 6.0 0.99316406 0.4033203 0.5463867 0.5571289 0.77783203
0 113 6.0 0.9902344 0.84472656 0.8286133 0.99902344 0.99560547
0 113 6.0 0.98095703 0.19726562 0.23449707 0.26904297 0.34204102
0 113 6.0 0.96972656 0.26660156 0.25146484 0.33496094 0.3461914
0 114 6.0 1.0 0.45336914 0.7080078 0.64404297 0.9746094
0 114 6.0 1.0 0.6191406 0.41918945 0.7675781 0.6323242
0 114 6.0 0.99902344 0.32739258 0.3869629 0.46899414 0.58691406
0 114 6.0 0.99316406 0.84765625 0.8330078 0.9970703 0.9951172
0 114 6.0 0.9892578 0.40454102 0.5522461 0.56103516 0.78466797
0 114 6.0 0.9741211 0.26757812 0.2512207 0.3359375 0.34594727
0 114 6.0 0.97314453 0.19824219 0.23413086 0.2697754 0.3425293
0 115 6.0 1.0 0.6196289 0.42163086 0.76904297 0.63623047
0 115 6.0 1.0 0.4555664 0.7109375 0.6459961 0.97753906
0 115 6.0 0.9980469 0.32714844 0.38842773 0.46875 0.5917969
0 115 6.0 0.99316406 0.8496094 0.83691406 0.9980469 0.99316406
0 115 6.0 0.9921875 0.40527344 0.55371094 0.5683594 0.7832031
0 115 6.0 0.98095703 0.19519043 0.23583984 0.2614746 0.33984375
0 115 6.0 0.96777344 0.26757812 0.25146484 0.33642578 0.34521484
0 116 6.0 1.0 0.62353516 0.42358398 0.77197266 0.6401367
0 116 6.0 1.0 0.4580078 0.7114258 0.64746094 0.9838867
0 116 6.0 0.9980469 0.40576172 0.5600586 0.5722656 0.7866211
0 116 6.0 0.9921875 0.32861328 0.38964844 0.4736328 0.5942383
0 116 6.0 0.9838867 0.85009766 0.8417969 0.99658203 0.9921875
0 116 6.0 0.9819336 0.19519043 0.23632812 0.26171875 0.3408203
0 116 6.0 0.9716797 0.2705078 0.2524414 0.33789062 0.3486328
0 117 6.0 1.0 0.45947266 0.71484375 0.6479492 0.98828125
0 117 6.0 1.0 0.625 0.4248047 0.7753906 0.6435547
0 117 6.0 0.99902344 0.40722656 0.5644531 0.5751953 0.79589844
0 117 6.0 0.9921875 0.32958984 0.39331055 0.46826172 0.5961914
0 117 6.0 0.9770508 0.8520508 0.84765625 0.99658203 0.9921875
0 117 6.0 0.9741211 0.19543457 0.23449707 0.26293945 0.34179688
0 117 6.0 0.9667969 0.2722168 0.25268555 0.33911133 0.34985352
0 118 6.0 1.0 0.46142578 0.71484375 0.64990234 0.9902344
0 118 6.0 1.0 0.62841797 0.42333984 0.77783203 0.64697266
0 118 6.0 0.9980469 0.4086914 0.5673828 0.57470703 0.7998047
0 118 6.0 0.9921875 0.3293457 0.39648438 0.46948242 0.59765625
0 118 6.0 0.97998047 0.8544922 0.85498047 0.9980469 0.99365234
0 118 6.0 0.9760742 0.19641113 0.23461914 0.26538086 0.34301758
0 118 6.0 0.97265625 0.27392578 0.2529297 0.33935547 0.3486328
0 119 6.0 1.0 0.6279297 0.42773438 0.78027344 0.64941406
0 119 6.0 1.0 0.4638672 0.7182617 0.64941406 0.9916992
0 119 6.0 0.9970703 0.32958984 0.39819336 0.46923828 0.5996094
0 119 6.0 0.9970703 0.41015625 0.5708008 0.5761719 0.80126953
0 119 6.0 0.98535156 0.19689941 0.23583984 0.26660156 0.34228516
0 119 6.0 0.97509766 0.27441406 0.25195312 0.34033203 0.34814453
0 119 6.0 0.93603516 0.8569336 0.85839844 0.9975586 0.9951172
0 120 6.0 1.0 0.62890625 0.43139648 0.7832031 0.6538086
0 120 6.0 1.0 0.46557617 0.72265625 0.6508789 0.9902344
0 120 6.0 0.9980469 0.3293457 0.4013672 0.46948242 0.60058594
0 120 6.0 0.9980469 0.41210938 0.57910156 0.5708008 0.8095703
0 120 6.0 0.9838867 0.1977539 0.23364258 0.2692871 0.34399414
0 120 6.0 0.9760742 0.27612305 0.25195312 0.34057617 0.34765625
0 120 6.0 0.64746094 0.8569336 0.86328125 0.9975586 0.99316406
0 121 6.0 1.0 0.46704102 0.7265625 0.6533203 0.9902344
0 121 6.0 1.0 0.6323242 0.43310547 0.78271484 0.65966797
0 121 6.0 0.99902344 0.41552734 0.5786133 0.57714844 0.8120117
0 121 6.0 0.9980469 0.32958984 0.40234375 0.47265625 0.6074219
0 121 6.0 0.96875 0.27661133 0.25195312 0.34155273 0.34960938
0 121 6.0 0.8989258 0.19824219 0.23205566 0.26904297 0.34326172
0 122 6.0 1.0 0.6357422 0.43554688 0.7832031 0.66308594
0 122 6.0 1.0 0.46264648 0.7363281 0.6557617 0.9970703
0 122 6.0 0.99902344 0.33251953 0.40527344 0.4711914 0.6074219
0 122 6.0 0.99902344 0.41845703 0.5839844 0.57910156 0.81347656
0 122 6.0 0.96240234 0.2788086 0.2524414 0.34228516 0.3491211
0 122 6.0 0.89990234 0.19836426 0.23242188 0.2705078 0.34375
0 123 6.0 1.0 0.6357422 0.43847656 0.7861328 0.66503906
0 123 6.0 1.0 0.46289062 0.7416992 0.65625 0.99658203
0 123 6.0 0.99902344 0.33276367 0.4038086 0.47583008 0.61376953
0 123 6.0 0.99902344 0.41992188 0.5859375 0.5810547 0.81640625
0 123 6.0 0.9614258 0.19873047 0.23278809 0.27416992 0.34423828
0 123 6.0 0.9560547 0.28125 0.25219727 0.34179688 0.3479004
0 124 6.0 1.0 0.6357422 0.43945312 0.78808594 0.66796875
0 124 6.0 1.0 0.46728516 0.74560547 0.65966797 0.99853516
0 124 6.0 0.99902344 0.33496094 0.40600586 0.4716797 0.6152344
0 124 6.0 0.99902344 0.41601562 0.5908203 0.5761719 0.8203125
0 124 6.0 0.9614258 0.19921875 0.23254395 0.27368164 0.34277344
0 124 6.0 0.95410156 0.2824707 0.25219727 0.3425293 0.3474121
0 125 6.0 1.0 0.6386719 0.44091797 0.79003906 0.6713867
0 125 6.0 1.0 0.46875 0.7475586 0.66308594 0.99853516
0 125 6.0 0.99902344 0.33666992 0.40576172 0.47338867 0.6196289
0 125 6.0 0.99902344 0.41845703 0.59472656 0.5776367 0.82910156
0 125 6.0 0.97802734 0.20056152 0.23364258 0.27563477 0.34350586
0 125 6.0 0.9472656 0.28271484 0.25170898 0.34326172 0.3479004
0 126 6.0 1.0 0.6401367 0.4428711 0.79345703 0.6723633
0 126 6.0 1.0 0.47192383 0.7524414 0.66503906 1.0
0 126 6.0 0.99902344 0.42138672 0.59716797 0.58740234 0.8334961
0 126 6.0 0.9980469 0.33862305 0.4140625 0.47485352 0.62109375
0 126 6.0 0.97509766 0.20239258 0.23474121 0.27734375 0.34179688
0 126 6.0 0.9316406 0.28393555 0.25146484 0.34448242 0.34765625
0 127 6.0 1.0 0.6411133 0.44628906 0.79541016 0.6748047
0 127 6.0 1.0 0.47216797 0.75927734 0.6645508 0.9975586
0 127 6.0 0.99902344 0.33984375 0.41601562 0.4765625 0.6269531
0 127 6.0 0.99902344 0.42578125 0.6015625 0.5966797 0.8359375
0 127 6.0 0.9741211 0.20410156 0.23364258 0.27783203 0.34204102
0 127 6.0 0.93115234 0.28466797 0.25097656 0.34521484 0.3466797
0 128 6.0 1.0 0.6435547 0.4501953 0.79785156 0.67871094
0 128 6.0 1.0 0.47509766 0.7714844 0.66552734 0.9970703
0 128 6.0 0.99902344 0.4321289 0.60546875 0.58935547 0.83984375
0 128 6.0 0.9980469 0.3413086 0.41992188 0.47802734 0.62890625
0 128 6.0 0.98095703 0.20483398 0.23425293 0.27954102 0.34326172
0 128 6.0 0.90527344 0.28515625 0.25073242 0.3461914 0.34692383
0 129 6.0 1.0 0.47607422 0.7783203 0.6694336 0.99902344
0 129 6.0 1.0 0.43286133 0.6088867 0.59375 0.8442383
0 129 6.0 1.0 0.64501953 0.45336914 0.80126953 0.68359375
0 129 6.0 0.99902344 0.34179688 0.4194336 0.4794922 0.6333008
0 129 6.0 0.9707031 0.20471191 0.23242188 0.27978516 0.34326172
0 129 6.0 0.9248047 0.27978516 0.2475586 0.34765625 0.34814453
0 130 6.0 1.0 0.6464844 0.45507812 0.80566406 0.68652344
0 130 6.0 1.0 0.47827148 0.7866211 0.66796875 0.99658203
0 130 6.0 0.99902344 0.3413086 0.42041016 0.4819336 0.6352539
0 130 6.0 0.9980469 0.43359375 0.61376953 0.5996094 0.8491211
0 130 6.0 0.9838867 0.20581055 0.23327637 0.28198242 0.34521484
0 130 6.0 0.9350586 0.28076172 0.24682617 0.3486328 0.3479004
0 131 6.0 1.0 0.6503906 0.45703125 0.80566406 0.6894531
0 131 6.0 1.0 0.47827148 0.7910156 0.67041016 0.9951172
0 131 6.0 0.99902344 0.34228516 0.42456055 0.48095703 0.63378906
0 131 6.0 0.9980469 0.4333496 0.61816406 0.60058594 0.85546875
0 131 6.0 0.97314453 0.2055664 0.23242188 0.28125 0.34570312
0 131 6.0 0.9448242 0.28149414 0.2467041 0.34936523 0.3466797
0 132 6.0 1.0 0.4777832 0.79296875 0.66748047 0.9941406
0 132 6.0 1.0 0.65185547 0.45922852 0.81103516 0.6928711
0 132 6.0 1.0 0.3408203 0.42407227 0.48486328 0.6376953
0 132 6.0 0.9980469 0.4243164 0.62109375 0.59521484 0.85839844
0 132 6.0 0.9819336 0.20703125 0.23217773 0.28320312 0.3474121
0 132 6.0 0.94970703 0.28344727 0.24609375 0.34985352 0.34716797
0 133 6.0 1.0 0.65185547 0.4638672 0.8149414 0.6982422
0 133 6.0 1.0 0.47875977 0.7910156 0.67285156 1.0029297
0 133 6.0 0.99902344 0.3413086 0.42773438 0.48486328 0.6455078
0 133 6.0 0.9980469 0.42919922 0.62597656 0.5913086 0.86816406
0 133 6.0 0.97802734 0.20788574 0.23181152 0.28344727 0.34716797
0 133 6.0 0.9580078 0.28393555 0.24682617 0.3503418 0.3474121
0 134 6.0 1.0 0.34228516 0.43115234 0.4868164 0.64404297
0 134 6.0 1.0 0.65234375 0.47045898 0.8173828 0.7026367
0 134 6.0 1.0 0.4794922 0.79833984 0.67285156 1.0009766
0 134 6.0 0.9980469 0.43725586 0.62939453 0.6010742 0.87353516
0 134 6.0 0.9707031 0.20751953 0.23303223 0.28466797 0.3491211
0 134 6.0 0.95410156 0.28393555 0.24719238 0.35131836 0.3474121
0 135 6.0 1.0 0.34375 0.4321289 0.48876953 0.6479492
0 135 6.0 1.0 0.6533203 0.47265625 0.82128906 0.7060547
0 135 6.0 1.0 0.48291016 0.8071289 0.6723633 0.9995117
0 135 6.0 0.9970703 0.43774414 0.6303711 0.6044922 0.8745117
0 135 6.0 0.9863281 0.2084961 0.23291016 0.28686523 0.3491211
0 135 6.0 0.96972656 0.2861328 0.24633789 0.35107422 0.34643555
0 136 6.0 1.0 0.484375 0.8100586 0.6738281 0.99658203
0 136 6.0 1.0 0.65478516 0.47045898 0.81884766 0.71435547
0 136 6.0 1.0 0.34399414 0.43237305 0.48657227 0.6513672
0 136 6.0 0.9892578 0.4428711 0.63623047 0.60791016 0.88134766
0 136 6.0 0.96972656 0.20800781 0.23364258 0.28710938 0.34985352
0 136 6.0 0.9633789 0.28637695 0.24682617 0.35229492 0.34643555
0 137 6.0 1.0 0.33544922 0.43945312 0.48779297 0.6542969
0 137 6.0 1.0 0.65625 0.47314453 0.8222656 0.7182617
0 137 6.0 0.99902344 0.48608398 0.8129883 0.6738281 0.9916992
0 137 6.0 0.9970703 0.4428711 0.6425781 0.6098633 0.88964844
0 137 6.0 0.9790039 0.20898438 0.23535156 0.27978516 0.3491211
0 137 6.0 0.9760742 0.28808594 0.2479248 0.35302734 0.34521484
0 138 6.0 1.0 0.33666992 0.4404297 0.4880371 0.65625
0 138 6.0 1.0 0.65625 0.47583008 0.8251953 0.72216797
0 138 6.0 0.99902344 0.48535156 0.81689453 0.6748047 0.9916992
0 138 6.0 0.9970703 0.44555664 0.6464844 0.6113281 0.8935547
0 138 6.0 0.98095703 0.21008301 0.23498535 0.28173828 0.34838867
0 138 6.0 0.97265625 0.28979492 0.2479248 0.35375977 0.34521484
0 139 6.0 1.0 0.33642578 0.44335938 0.4921875 0.6582031
0 139 6.0 1.0 0.6586914 0.47802734 0.82958984 0.7260742
0 139 6.0 0.9970703 0.44628906 0.6533203 0.61621094 0.9013672
0 139 6.0 0.99609375 0.48632812 0.8203125 0.68066406 0.98828125
0 139 6.0 0.9892578 0.21203613 0.23583984 0.2841797 0.34716797
0 139 6.0 0.9819336 0.29125977 0.24865723 0.35473633 0.34423828
0 140 6.0 1.0 0.66015625 0.47998047 0.8330078 0.73095703
0 140 6.0 0.99902344 0.33447266 0.44458008 0.49267578 0.6611328
0 140 6.0 0.9980469 0.44311523 0.65527344 0.6098633 0.9033203
0 140 6.0 0.9902344 0.21289062 0.2364502 0.2861328 0.3515625
0 140 6.0 0.9819336 0.2927246 0.24902344 0.35473633 0.34326172
0 140 6.0 0.98095703 0.484375 0.828125 0.6738281 0.9902344
0 141 6.0 1.0 0.66552734 0.4814453 0.8354492 0.734375
0 141 6.0 0.99902344 0.4482422 0.66259766 0.6152344 0.9057617
0 141 6.0 0.9980469 0.33569336 0.44580078 0.49682617 0.66552734
0 141 6.0 0.9863281 0.21386719 0.23620605 0.2861328 0.35058594
0 141 6.0 0.984375 0.4831543 0.83935547 0.6796875 0.9897461
0 141 6.0 0.9838867 0.2939453 0.24865723 0.35595703 0.34326172
0 142 6.0 1.0 0.6694336 0.48632812 0.8383789 0.73828125
0 142 6.0 0.99902344 0.34228516 0.44482422 0.5024414 0.66748047
0 142 6.0 0.9980469 0.44702148 0.6645508 0.6171875 0.90966797
0 142 6.0 0.9902344 0.21411133 0.23596191 0.28735352 0.35205078
0 142 6.0 0.98535156 0.2944336 0.24829102 0.3564453 0.34301758
0 142 6.0 0.97265625 0.48168945 0.8408203 0.6767578 0.98828125
0 143 6.0 1.0 0.67285156 0.49145508 0.8388672 0.7392578
0 143 6.0 0.99902344 0.34814453 0.44921875 0.5 0.6738281
0 143 6.0 0.9980469 0.4482422 0.6748047 0.61816406 0.9238281
0 143 6.0 0.9902344 0.21459961 0.23632812 0.28833008 0.3515625
0 143 6.0 0.9863281 0.29516602 0.24853516 0.35717773 0.34228516
0 143 6.0 0.9589844 0.4831543 0.8432617 0.671875 0.9897461
0 144 6.0 1.0 0.6738281 0.4963379 0.84277344 0.7421875
0 144 6.0 0.99902344 0.34814453 0.45458984 0.50146484 0.6772461
0 144 6.0 0.9980469 0.44873047 0.671875 0.6118164 0.92285156
0 144 6.0 0.9951172 0.21508789 0.23596191 0.28979492 0.35205078
0 144 6.0 0.98291016 0.296875 0.24707031 0.35742188 0.34277344
0 144 6.0 0.9506836 0.48901367 0.8461914 0.66748047 0.98779297
0 145 6.0 1.0 0.67333984 0.5 0.84716797 0.7480469
0 145 6.0 1.0 0.34814453 0.45532227 0.50439453 0.6772461
0 145 6.0 0.99902344 0.45043945 0.67871094 0.6196289 0.9326172
0 145 6.0 0.9941406 0.21228027 0.23571777 0.29589844 0.35620117
0 145 6.0 0.9819336 0.29663086 0.24743652 0.35864258 0.34228516
0 145 6.0 0.9199219 0.4892578 0.8574219 0.6738281 0.99121094
0 146 6.0 1.0 0.6743164 0.50390625 0.8520508 0.75097656
0 146 6.0 1.0 0.34692383 0.45874023 0.50634766 0.68115234
0 146 6.0 0.99902344 0.4506836 0.6850586 0.62646484 0.9379883
0 146 6.0 0.9941406 0.21606445 0.23608398 0.29223633 0.35375977
0 146 6.0 0.9790039 0.29833984 0.2475586 0.35888672 0.34179688
0 146 6.0 0.9667969 0.48486328 0.8666992 0.6743164 0.9946289
0 147 6.0 1.0 0.34887695 0.46020508 0.50439453 0.68652344
0 147 6.0 1.0 0.67285156 0.5073242 0.85546875 0.75439453
0 147 6.0 0.99902344 0.45336914 0.68652344 0.62890625 0.9375
0 147 6.0 0.9951172 0.21411133 0.23632812 0.29760742 0.35742188
0 147 6.0 0.97509766 0.29907227 0.2479248 0.35913086 0.3408203
0 147 6.0 0.9453125 0.48388672 0.86865234 0.6723633 0.99658203
0 148 6.0 1.0 0.34814453 0.4650879 0.50341797 0.6899414
0 148 6.0 1.0 0.6821289 0.50634766 0.8540039 0.76123047
0 148 6.0 1.0 0.45092773 0.6879883 0.63671875 0.9399414
0 148 6.0 0.9951172 0.21557617 0.2397461 0.29858398 0.3564453
0 148 6.0 0.9633789 0.3010254 0.24682617 0.35961914 0.34057617
0 148 6.0 0.62158203 0.48754883 0.8701172 0.671875 0.99316406
0 149 6.0 1.0 0.3491211 0.46826172 0.5029297 0.6928711
0 149 6.0 1.0 0.68603516 0.51123047 0.8569336 0.76708984
0 149 6.0 1.0 0.4506836 0.7001953 0.63134766 0.9589844
0 149 6.0 0.9921875 0.21606445 0.23596191 0.30004883 0.35546875
0 149 6.0 0.96435547 0.3017578 0.2475586 0.36083984 0.33984375
0 150 6.0 1.0 0.34985352 0.47143555 0.5029297 0.69384766
0 150 6.0 1.0 0.68847656 0.5126953 0.86035156 0.77441406
0 150 6.0 1.0 0.45410156 0.70166016 0.62890625 0.9614258
0 150 6.0 0.9873047 0.21704102 0.2376709 0.3005371 0.35620117
0 150 6.0 0.95166016 0.29638672 0.24438477 0.36083984 0.34301758
0 151 6.0 1.0 0.3503418 0.47485352 0.5048828 0.6982422
0 151 6.0 1.0 0.6894531 0.51464844 0.8623047 0.7783203
0 151 6.0 1.0 0.45458984 0.70410156 0.6333008 0.96777344
0 151 6.0 0.9921875 0.21838379 0.23950195 0.3022461 0.3581543
0 151 6.0 0.96240234 0.29003906 0.24536133 0.36083984 0.3400879
0 152 6.0 1.0 0.6904297 0.5161133 0.86621094 0.78466797
0 152 6.0 1.0 0.45507812 0.70703125 0.63671875 0.96972656
0 152 6.0 0.99902344 0.35083008 0.47631836 0.51171875 0.70214844
0 152 6.0 0.9902344 0.2199707 0.23986816 0.30249023 0.3569336
0 152 6.0 0.9667969 0.29101562 0.24511719 0.3618164 0.33984375
0 152 6.0 0.6958008 0.5083008 0.9082031 0.6801758 0.9980469
0 153 6.0 1.0 0.4560547 0.7114258 0.640625 0.97021484
0 153 6.0 1.0 0.69140625 0.52441406 0.8623047 0.78808594
0 153 6.0 0.99902344 0.35107422 0.47851562 0.5136719 0.7060547
0 153 6.0 0.9902344 0.22009277 0.23925781 0.30517578 0.35791016
0 153 6.0 0.9707031 0.29833984 0.24401855 0.3623047 0.34399414
0 153 6.0 0.5649414 0.5131836 0.91015625 0.68408203 0.99609375
0 154 6.0 1.0 0.6933594 0.52685547 0.8671875 0.79345703
0 154 6.0 1.0 0.4580078 0.71728516 0.6484375 0.97509766
0 154 6.0 0.9980469 0.3515625 0.47827148 0.515625 0.7089844
0 154 6.0 0.97509766 0.22033691 0.23754883 0.3059082 0.35864258
0 154 6.0 0.9741211 0.29956055 0.2446289 0.3635254 0.34326172
0 155 6.0 1.0 0.35058594 0.48657227 0.51416016 0.71435547
0 155 6.0 1.0 0.6958008 0.5307617 0.8725586 0.7944336
0 155 6.0 1.0 0.46069336 0.7246094 0.65185547 0.9941406
0 155 6.0 0.9838867 0.30078125 0.24511719 0.36376953 0.34179688
0 155 6.0 0.97998047 0.22277832 0.23779297 0.3076172 0.35888672
0 156 6.0 1.0 0.35083008 0.4892578 0.5107422 0.71972656
0 156 6.0 1.0 0.6982422 0.5341797 0.875 0.79785156
0 156 6.0 1.0 0.45898438 0.72509766 0.6533203 0.99365234
0 156 6.0 0.9873047 0.22387695 0.23986816 0.3088379 0.35888672
0 156 6.0 0.98095703 0.3022461 0.24572754 0.3647461 0.34228516
0 157 6.0 1.0 0.35205078 0.4921875 0.51171875 0.7236328
0 157 6.0 1.0 0.7011719 0.5390625 0.87890625 0.80566406
0 157 6.0 1.0 0.45751953 0.7270508 0.65771484 0.9975586
0 157 6.0 0.97998047 0.22363281 0.23901367 0.30322266 0.35913086
0 157 6.0 0.97802734 0.30395508 0.2454834 0.36547852 0.3425293
0 158 6.0 1.0 0.34985352 0.49389648 0.51464844 0.72753906
0 158 6.0 1.0 0.7001953 0.5419922 0.8847656 0.80859375
0 158 6.0 1.0 0.46020508 0.73046875 0.6557617 0.99609375
0 158 6.0 0.9819336 0.22387695 0.23779297 0.3034668 0.35839844
0 158 6.0 0.97802734 0.30078125 0.24731445 0.3671875 0.3395996
0 159 6.0 1.0 0.35327148 0.49780273 0.51464844 0.7294922
0 159 6.0 1.0 0.7080078 0.54345703 0.88671875 0.8051758
0 159 6.0 1.0 0.45922852 0.73779297 0.6591797 0.99853516
0 159 6.0 0.9863281 0.22558594 0.2401123 0.30615234 0.3623047
0 159 6.0 0.97998047 0.30273438 0.24682617 0.36767578 0.33862305
0 160 6.0 1.0 0.35498047 0.5019531 0.51660156 0.73339844
0 160 6.0 1.0 0.7080078 0.5439453 0.8876953 0.8095703
0 160 6.0 1.0 0.46020508 0.7470703 0.6616211 1.0009766
0 160 6.0 0.9838867 0.30322266 0.24633789 0.36914062 0.33813477
0 160 6.0 0.9819336 0.22607422 0.23840332 0.3071289 0.36157227
0 161 6.0 1.0 0.45996094 0.75 0.6640625 1.0039062
0 161 6.0 1.0 0.70996094 0.546875 0.88964844 0.8144531
0 161 6.0 1.0 0.35913086 0.5083008 0.5175781 0.7368164
0 161 6.0 0.9902344 0.22705078 0.24267578 0.30859375 0.36132812
0 161 6.0 0.97998047 0.30444336 0.24597168 0.37036133 0.3383789
0 162 6.0 1.0 0.7138672 0.5527344 0.8876953 0.82714844
0 162 6.0 1.0 0.4609375 0.7553711 0.6660156 1.0019531
0 162 6.0 0.99902344 0.35986328 0.51171875 0.5214844 0.7421875
0 162 6.0 0.9892578 0.22705078 0.24047852 0.3095703 0.3630371
0 162 6.0 0.98095703 0.30615234 0.24621582 0.37158203 0.33789062
0 163 6.0 1.0 0.36035156 0.5161133 0.5205078 0.74658203
0 163 6.0 1.0 0.71533203 0.5576172 0.8930664 0.828125
0 163 6.0 1.0 0.4638672 0.7597656 0.6640625 1.0009766
0 163 6.0 0.9951172 0.22766113 0.24450684 0.3125 0.36376953
0 163 6.0 0.98291016 0.30639648 0.24584961 0.37231445 0.33764648
0 164 6.0 1.0 0.46264648 0.7636719 0.6694336 1.0009766
0 164 6.0 1.0 0.71533203 0.56152344 0.8959961 0.83203125
0 164 6.0 1.0 0.35888672 0.5180664 0.5239258 0.75146484
0 164 6.0 0.9892578 0.2277832 0.24328613 0.31274414 0.3647461
0 164 6.0 0.9790039 0.30786133 0.24584961 0.37280273 0.33666992
0 165 6.0 1.0 0.35986328 0.5253906 0.52441406 0.75390625
0 165 6.0 1.0 0.7163086 0.5644531 0.8989258 0.83691406
0 165 6.0 1.0 0.46191406 0.77001953 0.6621094 1.0048828
0 165 6.0 0.99316406 0.22937012 0.24414062 0.31396484 0.3647461
0 165 6.0 0.9790039 0.30908203 0.2454834 0.37402344 0.33691406
0 166 6.0 1.0 0.4658203 0.77783203 0.66503906 1.0048828
0 166 6.0 1.0 0.71972656 0.56640625 0.9013672 0.8417969
0 166 6.0 1.0 0.35888672 0.5288086 0.5263672 0.7583008
0 166 6.0 0.9892578 0.22949219 0.24389648 0.31396484 0.36694336
0 166 6.0 0.97998047 0.30932617 0.24584961 0.37426758 0.3347168
0 167 6.0 1.0 0.46972656 0.78271484 0.66308594 1.0029297
0 167 6.0 1.0 0.72021484 0.56933594 0.9057617 0.8466797
0 167 6.0 1.0 0.359375 0.5307617 0.5283203 0.7651367
0 167 6.0 0.99609375 0.23120117 0.2454834 0.3166504 0.36645508
0 167 6.0 0.97314453 0.30908203 0.2446289 0.375 0.33642578
0 168 6.0 1.0 0.72509766 0.5732422 0.91064453 0.8466797
0 168 6.0 1.0 0.35961914 0.5332031 0.53222656 0.7685547
0 168 6.0 1.0 0.47070312 0.7871094 0.6640625 1.0039062
0 168 6.0 0.9921875 0.23120117 0.24475098 0.3166504 0.36791992
0 168 6.0 0.9604492 0.3100586 0.2442627 0.37646484 0.33520508
0 169 6.0 1.0 0.7265625 0.57666016 0.9121094 0.84814453
0 169 6.0 1.0 0.36938477 0.53027344 0.53271484 0.7685547
0 169 6.0 1.0 0.4741211 0.7910156 0.66552734 1.0058594
0 169 6.0 0.9951172 0.23181152 0.24523926 0.31835938 0.36669922
0 169 6.0 0.96435547 0.31079102 0.24328613 0.37768555 0.33569336
0 170 6.0 1.0 0.36865234 0.5336914 0.53466797 0.7739258
0 170 6.0 1.0 0.7319336 0.58203125 0.91552734 0.8496094
0 170 6.0 1.0 0.4736328 0.79541016 0.6669922 1.0068359
0 170 6.0 0.9941406 0.23168945 0.24633789 0.31958008 0.36889648
0 170 6.0 0.9580078 0.31103516 0.24291992 0.3779297 0.33422852
0 171 6.0 1.0 0.47509766 0.8046875 0.6743164 1.0058594
0 171 6.0 1.0 0.7294922 0.58447266 0.9199219 0.86572266
0 171 6.0 1.0 0.36889648 0.5385742 0.53808594 0.77685547
0 171 6.0 0.99609375 0.23425293 0.24645996 0.32128906 0.36767578
0 171 6.0 0.95410156 0.31201172 0.24145508 0.3803711 0.33520508
0 172 6.0 1.0 0.4765625 0.8100586 0.67871094 1.0039062
0 172 6.0 1.0 0.73583984 0.5913086 0.9213867 0.86279297
0 172 6.0 1.0 0.3696289 0.54052734 0.53808594 0.7807617
0 172 6.0 0.99609375 0.23388672 0.2475586 0.3227539 0.36865234
0 172 6.0 0.95166016 0.31298828 0.24060059 0.38183594 0.33447266
0 172 14.0 0.51171875 0.44726562 0.5698242 0.5073242 0.63720703
0 173 6.0 1.0 0.47705078 0.81640625 0.6791992 1.0048828
0 173 6.0 1.0 0.73828125 0.59521484 0.92285156 0.8676758
0 173 6.0 1.0 0.36816406 0.5463867 0.53466797 0.7915039
0 173 6.0 0.99609375 0.23620605 0.24694824 0.32421875 0.36865234
0 173 6.0 0.95703125 0.3034668 0.24121094 0.37573242 0.33935547
0 174 6.0 1.0 0.74072266 0.5991211 0.92626953 0.87158203
0 174 6.0 1.0 0.3701172 0.546875 0.54003906 0.79003906
0 174 6.0 0.9980469 0.47631836 0.82128906 0.6767578 1.0048828
0 174 6.0 0.9892578 0.23718262 0.24780273 0.32617188 0.36889648
0 174 6.0 0.9550781 0.30517578 0.2409668 0.37597656 0.33911133
0 175 6.0 1.0 0.36767578 0.5517578 0.54052734 0.8017578
0 175 6.0 1.0 0.7416992 0.6010742 0.9291992 0.87353516
0 175 6.0 0.9838867 0.47436523 0.8305664 0.6748047 1.0029297
0 175 6.0 0.9819336 0.23803711 0.24682617 0.32299805 0.3659668
0 175 6.0 0.9716797 0.30541992 0.24194336 0.37817383 0.3371582
0 176 6.0 1.0 0.7421875 0.6064453 0.93359375 0.8779297
0 176 6.0 1.0 0.36914062 0.55615234 0.5390625 0.80126953
0 176 6.0 0.9716797 0.48876953 0.83251953 0.67333984 0.9946289
0 176 6.0 0.96875 0.23730469 0.24682617 0.3232422 0.3684082
0 176 6.0 0.9667969 0.3125 0.24291992 0.37646484 0.33422852
0 177 6.0 1.0 0.37036133 0.55859375 0.5395508 0.8046875
0 177 6.0 1.0 0.7480469 0.6123047 0.9355469 0.890625
0 177 6.0 0.97998047 0.23852539 0.24731445 0.3239746 0.36645508
0 177 6.0 0.97509766 0.49023438 0.8408203 0.6767578 0.99316406
0 177 6.0 0.97265625 0.31274414 0.24377441 0.37768555 0.33618164
0 178 6.0 1.0 0.37060547 0.5625 0.5439453 0.8095703
0 178 6.0 1.0 0.7495117 0.6142578 0.94189453 0.8955078
0 178 6.0 0.98535156 0.23779297 0.24707031 0.32421875 0.36914062
0 178 6.0 0.9790039 0.31420898 0.24365234 0.37817383 0.33496094
0 178 6.0 0.9658203 0.49047852 0.8457031 0.67626953 0.9921875
0 179 6.0 1.0 0.37451172 0.5673828 0.546875 0.81347656
0 179 6.0 1.0 0.7504883 0.6201172 0.9458008 0.8984375
0 179 6.0 0.9770508 0.24060059 0.24987793 0.32421875 0.3642578
0 179 6.0 0.9741211 0.31225586 0.24377441 0.3815918 0.33691406
0 179 6.0 0.92578125 0.48779297 0.8491211 0.67529297 0.9897461
0 180 6.0 1.0 0.37597656 0.5703125 0.54785156 0.8173828
0 180 6.0 1.0 0.7548828 0.6230469 0.94921875 0.89941406
0 180 6.0 0.984375 0.23876953 0.24951172 0.33398438 0.3774414
0 180 6.0 0.98095703 0.31298828 0.2434082 0.3828125 0.33569336
0 180 6.0 0.9536133 0.49023438 0.85253906 0.67285156 0.9892578
0 181 6.0 1.0 0.37548828 0.5732422 0.55078125 0.82128906
0 181 6.0 1.0 0.75683594 0.6269531 0.9501953 0.90234375
0 181 6.0 0.9892578 0.24243164 0.24951172 0.3269043 0.37060547
0 181 6.0 0.98095703 0.31445312 0.24291992 0.38378906 0.33520508
0 181 6.0 0.9790039 0.49023438 0.8564453 0.6796875 0.99316406
0 182 6.0 1.0 0.37548828 0.5761719 0.5522461 0.82910156
0 182 6.0 1.0 0.75878906 0.63183594 0.9511719 0.9033203
0 182 6.0 0.9921875 0.24206543 0.25048828 0.33129883 0.37353516
0 182 6.0 0.9770508 0.31713867 0.24291992 0.38598633 0.33666992
0 182 6.0 0.9716797 0.49365234 0.8652344 0.6821289 0.9941406
0 183 6.0 1.0 0.7607422 0.6357422 0.95410156 0.9082031
0 183 6.0 1.0 0.3779297 0.5810547 0.55566406 0.8330078
0 183 6.0 0.9863281 0.24157715 0.24926758 0.3359375 0.3786621
0 183 6.0 0.9770508 0.31762695 0.24316406 0.3869629 0.33642578
0 183 6.0 0.9560547 0.4970703 0.87402344 0.6845703 0.9970703
0 184 6.0 1.0 0.7602539 0.63964844 0.9584961 0.9140625
0 184 6.0 1.0 0.37646484 0.58251953 0.5527344 0.83935547
0 184 6.0 0.984375 0.24572754 0.25146484 0.33422852 0.37304688
0 184 6.0 0.9790039 0.31933594 0.24304199 0.3876953 0.33642578
0 184 6.0 0.89990234 0.5 0.87402344 0.6796875 0.99902344
0 184 14.0 0.52001953 0.42236328 0.5957031 0.5229492 0.7001953
0 185 6.0 1.0 0.7636719 0.64160156 0.9609375 0.92871094
0 185 6.0 1.0 0.3774414 0.58740234 0.5546875 0.8442383
0 185 6.0 0.9902344 0.24401855 0.25146484 0.33789062 0.37890625
0 185 6.0 0.9741211 0.3203125 0.24316406 0.3881836 0.33789062
0 185 6.0 0.8413086 0.5024414 0.87841797 0.6791992 0.99560547
0 186 6.0 1.0 0.76660156 0.6479492 0.9638672 0.9350586
0 186 6.0 1.0 0.37670898 0.5883789 0.55810547 0.8491211
0 186 6.0 0.99121094 0.24511719 0.25341797 0.34033203 0.38085938
0 186 6.0 0.97314453 0.32177734 0.2421875 0.39013672 0.33740234
0 186 6.0 0.80810547 0.50146484 0.8833008 0.6772461 0.99560547
0 187 6.0 1.0 0.3791504 0.59277344 0.5625 0.85546875
0 187 6.0 1.0 0.7685547 0.65478516 0.96777344 0.9399414
0 187 6.0 0.99316406 0.24621582 0.25341797 0.3400879 0.38183594
0 187 6.0 0.9707031 0.32299805 0.24206543 0.39038086 0.33642578
0 187 6.0 0.86035156 0.5029297 0.8935547 0.671875 0.9951172
0 188 6.0 1.0 0.7709961 0.6591797 0.9741211 0.9423828
0 188 6.0 0.9980469 0.38085938 0.5986328 0.5620117 0.85839844
0 188 6.0 0.9892578 0.2434082 0.25024414 0.34301758 0.38208008
0 188 6.0 0.9667969 0.32373047 0.24328613 0.39208984 0.33691406
0 188 6.0 0.86035156 0.50341797 0.90722656 0.6723633 0.9951172
0 189 6.0 1.0 0.77197266 0.6616211 0.97998047 0.94677734
0 189 6.0 1.0 0.3828125 0.60839844 0.56396484 0.86328125
0 189 6.0 0.9921875 0.24487305 0.25195312 0.34155273 0.3876953
0 189 6.0 0.9589844 0.32470703 0.24084473 0.3935547 0.3388672
0 189 6.0 0.8076172 0.5078125 0.91503906 0.6738281 0.9970703
0 190 6.0 1.0 0.7753906 0.6640625 0.98339844 0.9560547
0 190 6.0 1.0 0.38378906 0.6044922 0.5678711 0.8642578
0 190 6.0 0.9892578 0.24597168 0.25097656 0.34204102 0.3876953
0 190 6.0 0.9453125 0.32666016 0.24060059 0.39453125 0.3388672
0 190 6.0 0.5761719 0.5107422 0.92285156 0.67578125 0.9970703
0 191 6.0 1.0 0.38671875 0.61035156 0.5678711 0.8671875
0 191 6.0 1.0 0.7783203 0.6640625 0.9902344 0.96777344
0 191 6.0 0.98535156 0.2512207 0.25439453 0.34545898 0.3857422
0 191 6.0 0.94628906 0.32617188 0.23925781 0.3955078 0.33935547
0 192 6.0 1.0 0.3828125 0.6123047 0.56884766 0.88183594
0 192 6.0 1.0 0.7841797 0.6669922 0.99316406 0.9707031
0 192 6.0 0.97998047 0.25195312 0.25610352 0.3486328 0.38598633
0 192 6.0 0.94970703 0.32250977 0.24182129 0.38598633 0.3383789
0 193 6.0 1.0 0.38671875 0.6171875 0.5673828 0.8828125
0 193 6.0 1.0 0.7836914 0.67529297 0.9946289 0.97314453
0 193 6.0 0.98828125 0.2524414 0.2565918 0.34960938 0.38745117
0 193 6.0 0.9472656 0.3232422 0.24133301 0.38720703 0.3388672
0 194 6.0 1.0 0.3894043 0.6191406 0.5727539 0.8886719
0 194 6.0 1.0 0.7895508 0.6826172 0.99853516 0.9765625
0 194 6.0 0.9951172 0.2536621 0.25927734 0.35229492 0.38916016
0 194 6.0 0.9658203 0.3227539 0.24060059 0.3881836 0.3383789
0 195 6.0 1.0 0.7910156 0.6904297 1.0009766 0.9794922
0 195 6.0 0.99902344 0.39086914 0.62646484 0.5722656 0.89501953
0 195 6.0 0.9980469 0.25390625 0.25976562 0.3515625 0.390625
0 195 6.0 0.9658203 0.3239746 0.24108887 0.38891602 0.33935547
0 195 6.0 0.56933594 0.28393555 0.24707031 0.37329102 0.34570312
0 195 14.0 0.6113281 0.4802246 0.65478516 0.5410156 0.73095703
0 196 6.0 1.0 0.79296875 0.69628906 1.0039062 0.98339844
0 196 6.0 0.99902344 0.39379883 0.6328125 0.57714844 0.89941406
0 196 6.0 0.99609375 0.25512695 0.26049805 0.35327148 0.39233398
0 196 6.0 0.9667969 0.32421875 0.24121094 0.38964844 0.3383789
0 196 6.0 0.52978516 0.28100586 0.2487793 0.37280273 0.34692383
0 196 14.0 0.6308594 0.4411621 0.6425781 0.5415039 0.7470703
0 196 14.0 0.54833984 0.48046875 0.66015625 0.5419922 0.734375
0 197 6.0 1.0 0.796875 0.7001953 1.0039062 0.9824219
0 197 6.0 1.0 0.39501953 0.63378906 0.5786133 0.9003906
0 197 6.0 0.9970703 0.25561523 0.2614746 0.35473633 0.39086914
0 197 6.0 0.97265625 0.3256836 0.24145508 0.39111328 0.33764648
0 197 6.0 0.6118164 0.27783203 0.25073242 0.3725586 0.34887695
0 198 6.0 1.0 0.7998047 0.703125 1.0009766 0.98339844
0 198 6.0 1.0 0.39672852 0.6411133 0.5800781 0.9057617
0 198 6.0 0.99609375 0.25561523 0.26220703 0.35620117 0.3959961
0 198 6.0 0.9760742 0.32543945 0.24206543 0.3918457 0.33789062
0 198 6.0 0.62890625 0.27734375 0.25097656 0.37304688 0.35205078
0 198 14.0 0.5229492 0.44091797 0.6533203 0.54589844 0.7597656
0 199 6.0 1.0 0.39404297 0.64501953 0.57958984 0.91552734
0 199 6.0 1.0 0.80029297 0.6977539 1.0009766 0.9897461
0 199 6.0 0.99121094 0.2548828 0.2607422 0.35839844 0.3955078
0 199 6.0 0.9838867 0.32714844 0.24279785 0.3935547 0.33496094
0 200 6.0 1.0 0.3955078 0.6484375 0.58203125 0.921875
0 200 6.0 1.0 0.80126953 0.7089844 1.0 0.9873047
0 200 6.0 0.99121094 0.25512695 0.26367188 0.36010742 0.39648438
0 200 6.0 0.9790039 0.32836914 0.24243164 0.3942871 0.33569336
0 201 6.0 1.0 0.39868164 0.6489258 0.58496094 0.92822266
0 201 6.0 1.0 0.8071289 0.71435547 1.0009766 0.9897461
0 201 6.0 0.9873047 0.25634766 0.2614746 0.36083984 0.39672852
0 201 6.0 0.9770508 0.3305664 0.24121094 0.39501953 0.33544922
0 202 6.0 1.0 0.80859375 0.71875 1.0009766 0.9892578
0 202 6.0 0.99902344 0.39697266 0.6557617 0.5854492 0.9350586
0 202 6.0 0.98828125 0.2614746 0.2626953 0.3605957 0.40234375
0 202 6.0 0.9760742 0.3322754 0.24121094 0.3972168 0.33447266
0 202 14.0 0.5361328 0.4399414 0.6699219 0.5493164 0.7763672
0 203 6.0 1.0 0.8120117 0.72265625 1.0009766 0.98828125
0 203 6.0 0.99902344 0.39672852 0.66064453 0.5883789 0.9379883
0 203 6.0 0.9902344 0.26220703 0.2626953 0.36035156 0.4033203
0 203 6.0 0.97314453 0.3322754 0.24169922 0.39819336 0.33691406
0 204 6.0 1.0 0.81396484 0.72558594 1.0 0.9902344
0 204 6.0 1.0 0.39697266 0.66503906 0.5864258 0.9433594
0 204 6.0 0.98828125 0.2631836 0.2631836 0.3618164 0.4038086
0 204 6.0 0.9741211 0.33276367 0.24169922 0.40014648 0.33691406
0 205 6.0 1.0 0.8149414 0.72753906 0.9995117 0.9970703
0 205 6.0 0.99902344 0.39697266 0.6694336 0.5878906 0.95166016
0 205 6.0 0.9921875 0.26416016 0.265625 0.36523438 0.40185547
0 205 6.0 0.9580078 0.3310547 0.24072266 0.39990234 0.3359375
0 205 14.0 0.5385742 0.46044922 0.6894531 0.55810547 0.7890625
0 206 6.0 1.0 0.8178711 0.7314453 0.99853516 0.9980469
0 206 6.0 0.99902344 0.39746094 0.6738281 0.5913086 0.9560547
0 206 6.0 0.9951172 0.26489258 0.26489258 0.36547852 0.40551758
0 206 6.0 0.9589844 0.3305664 0.23962402 0.40039062 0.33666992
0 206 14.0 0.55810547 0.49487305 0.70458984 0.5546875 0.7788086
0 207 6.0 1.0 0.8198242 0.73779297 0.9995117 0.9975586
0 207 6.0 0.99902344 0.39941406 0.67529297 0.5957031 0.9633789
0 207 6.0 0.99609375 0.26635742 0.2631836 0.36743164 0.40429688
0 207 6.0 0.9667969 0.33276367 0.24023438 0.4025879 0.3359375
0 207 14.0 0.57177734 0.4975586 0.70947266 0.55615234 0.7836914
0 207 14.0 0.5029297 0.45361328 0.69140625 0.55810547 0.79589844
0 208 6.0 0.99902344 0.3984375 0.6801758 0.5986328 0.96728516
0 208 6.0 0.99902344 0.8183594 0.74316406 1.0 0.99316406
0 208 6.0 0.9951172 0.26733398 0.2626953 0.3684082 0.40576172
0 208 6.0 0.96777344 0.3334961 0.24023438 0.4033203 0.33544922
0 208 14.0 0.5883789 0.45703125 0.7006836 0.56152344 0.8071289
0 209 6.0 0.99902344 0.39794922 0.6875 0.59765625 0.9746094
0 209 6.0 0.99902344 0.82373047 0.75 0.9995117 0.9951172
0 209 6.0 0.9970703 0.2680664 0.26513672 0.36816406 0.40673828
0 209 6.0 0.96972656 0.3347168 0.24023438 0.4050293 0.33447266
0 210 6.0 0.99902344 0.8251953 0.75341797 1.0 1.0019531
0 210 6.0 0.99902344 0.3959961 0.6855469 0.6015625 0.9785156
0 210 6.0 0.9970703 0.26953125 0.26635742 0.3671875 0.40551758
0 210 6.0 0.9741211 0.3334961 0.24047852 0.40527344 0.33520508
0 210 14.0 0.51904297 0.45361328 0.70410156 0.5600586 0.81347656
0 211 6.0 0.99902344 0.39672852 0.6899414 0.60498047 0.98291016
0 211 6.0 0.9980469 0.82666016 0.7558594 1.0009766 1.0029297
0 211 6.0 0.99316406 0.27001953 0.26733398 0.36767578 0.4099121
0 211 6.0 0.97998047 0.32983398 0.24145508 0.40551758 0.33618164
0 211 14.0 0.56152344 0.45654297 0.7138672 0.5678711 0.8232422
0 212 6.0 0.99902344 0.82958984 0.76416016 1.0009766 1.0019531
0 212 6.0 0.99902344 0.40234375 0.6972656 0.60058594 0.9824219
0 212 6.0 0.99121094 0.2709961 0.26879883 0.36816406 0.40942383
0 212 6.0 0.9863281 0.33032227 0.24206543 0.40649414 0.33276367
0 213 6.0 0.99902344 0.4033203 0.7011719 0.60253906 0.98339844
0 213 6.0 0.99902344 0.83203125 0.7729492 1.0009766 1.0009766
0 213 6.0 0.9892578 0.32714844 0.24121094 0.40722656 0.33496094
0 213 6.0 0.9892578 0.27197266 0.2680664 0.36914062 0.4140625
0 214 6.0 0.99902344 0.83496094 0.77978516 1.0009766 0.9995117
0 214 6.0 0.99902344 0.40722656 0.70458984 0.61035156 0.98876953
0 214 6.0 0.99316406 0.3239746 0.24121094 0.40844727 0.33496094
0 214 6.0 0.9892578 0.27148438 0.2685547 0.37939453 0.40771484
0 214 14.0 0.56933594 0.45629883 0.7265625 0.5683594 0.8330078
0 215 6.0 0.9980469 0.40820312 0.70996094 0.609375 0.9902344
0 215 6.0 0.9980469 0.84472656 0.78271484 1.0009766 1.0019531
0 215 6.0 0.9941406 0.27246094 0.26953125 0.3803711 0.4086914
0 215 6.0 0.99316406 0.32348633 0.2421875 0.40942383 0.3388672
0 215 14.0 0.57666016 0.47631836 0.73779297 0.5732422 0.8383789
0 216 6.0 0.99609375 0.40966797 0.72314453 0.60791016 0.99072266
0 216 6.0 0.9951172 0.3215332 0.24291992 0.4099121 0.33618164
0 216 6.0 0.99316406 0.2722168 0.27246094 0.38061523 0.41015625
0 216 6.0 0.9921875 0.84521484 0.7890625 0.99853516 1.0009766
0 216 14.0 0.6225586 0.51220703 0.75341797 0.5698242 0.8286133
0 217 6.0 0.9980469 0.4074707 0.72509766 0.6113281 0.9926758
0 217 6.0 0.9951172 0.27246094 0.27368164 0.3828125 0.4104004
0 217 6.0 0.9941406 0.3215332 0.24365234 0.4104004 0.3388672
0 217 6.0 0.9902344 0.84716797 0.7915039 0.99658203 0.9946289
0 217 14.0 0.5917969 0.47851562 0.74902344 0.5751953 0.84765625
0 218 6.0 0.99902344 0.40844727 0.7290039 0.6118164 0.9946289
0 218 6.0 0.9951172 0.32373047 0.2442627 0.41210938 0.3395996
0 218 6.0 0.99316406 0.27416992 0.27514648 0.38354492 0.41088867
0 218 6.0 0.9863281 0.85498047 0.8017578 1.0 0.9951172
0 218 14.0 0.609375 0.5107422 0.75927734 0.5751953 0.8413086
0 219 6.0 0.99902344 0.40966797 0.72998047 0.6147461 0.9975586
0 219 6.0 0.9951172 0.32373047 0.24487305 0.41259766 0.33911133
0 219 6.0 0.9941406 0.27392578 0.2763672 0.3852539 0.4111328
0 219 6.0 0.9819336 0.85791016 0.8027344 0.9995117 0.99609375
0 219 14.0 0.59228516 0.5229492 0.765625 0.5786133 0.84277344
0 220 6.0 0.9980469 0.41137695 0.74121094 0.6171875 0.9951172
0 220 6.0 0.99609375 0.32080078 0.24475098 0.41357422 0.34179688
0 220 6.0 0.99316406 0.859375 0.80859375 0.9980469 0.9970703
0 220 6.0 0.9873047 0.28125 0.27807617 0.38378906 0.41577148
0 221 6.0 0.9970703 0.41210938 0.74609375 0.61816406 1.0
0 221 6.0 0.9951172 0.32373047 0.24511719 0.4140625 0.3413086
0 221 6.0 0.9921875 0.86279297 0.8125 0.99853516 0.99609375
0 221 6.0 0.98828125 0.28100586 0.27954102 0.38500977 0.41674805
0 221 14.0 0.53466797 0.4921875 0.76953125 0.5830078 0.8652344
0 222 6.0 0.9980469 0.41259766 0.75 0.62158203 1.0019531
0 222 6.0 0.9941406 0.28222656 0.27783203 0.3852539 0.41552734
0 222 6.0 0.99316406 0.3244629 0.24487305 0.41430664 0.34399414
0 222 6.0 0.9707031 0.86083984 0.81640625 0.99658203 0.9970703
0 222 14.0 0.5810547 0.52441406 0.7807617 0.5810547 0.86083984
0 223 6.0 0.9980469 0.41259766 0.7519531 0.62353516 1.0029297
0 223 6.0 0.99316406 0.33203125 0.24267578 0.4165039 0.34277344
0 223 6.0 0.99121094 0.28295898 0.27612305 0.38598633 0.41918945
0 223 6.0 0.9448242 0.86035156 0.8232422 0.9951172 0.99609375
0 223 14.0 0.5751953 0.4699707 0.77490234 0.5854492 0.8833008
0 223 14.0 0.5151367 0.5258789 0.78759766 0.58251953 0.8647461
0 224 6.0 1.0 0.41625977 0.7548828 0.62402344 1.0048828
0 224 6.0 0.9921875 0.3330078 0.24230957 0.4169922 0.34277344
0 224 6.0 0.9892578 0.28051758 0.28027344 0.3894043 0.42138672
0 224 6.0 0.9199219 0.86376953 0.8300781 0.9946289 0.9951172
0 224 14.0 0.55615234 0.47265625 0.7783203 0.5810547 0.8857422
0 224 14.0 0.52685547 0.5234375 0.79003906 0.5830078 0.87109375
0 225 6.0 0.99902344 0.4194336 0.7607422 0.6274414 1.0087891
0 225 6.0 0.9921875 0.33007812 0.24206543 0.41796875 0.34326172
0 225 6.0 0.9790039 0.28149414 0.28125 0.39038086 0.42138672
0 225 6.0 0.9277344 0.8652344 0.8388672 0.9941406 0.99609375
0 225 14.0 0.6425781 0.5263672 0.79785156 0.5830078 0.8769531
0 225 14.0 0.54003906 0.4699707 0.7807617 0.5786133 0.89208984
0 226 6.0 0.99316406 0.28173828 0.28173828 0.39111328 0.42529297
0 226 6.0 0.99121094 0.3310547 0.24279785 0.41796875 0.34277344
0 226 6.0 0.9589844 0.8691406 0.84472656 0.9941406 0.9980469
0 226 6.0 0.9526367 0.42285156 0.7705078 0.62890625 1.0078125
0 226 14.0 0.60498047 0.4951172 0.79785156 0.58984375 0.89746094
0 227 6.0 0.9941406 0.28173828 0.2854004 0.39160156 0.42700195
0 227 6.0 0.99121094 0.3305664 0.2434082 0.4189453 0.3449707
0 227 6.0 0.92333984 0.87109375 0.85058594 0.9951172 0.99902344
0 227 6.0 0.7783203 0.4248047 0.77685547 0.6298828 1.0048828
0 227 14.0 0.6298828 0.5258789 0.80859375 0.58740234 0.8886719
0 227 14.0 0.50341797 0.46948242 0.79296875 0.58251953 0.9033203
0 228 6.0 0.99316406 0.32836914 0.24328613 0.41918945 0.34423828
0 228 6.0 0.9838867 0.421875 0.7788086 0.63183594 1.0039062
0 228 6.0 0.9770508 0.28271484 0.28857422 0.390625 0.4267578
0 228 6.0 0.8935547 0.87402344 0.85546875 0.9951172 0.9980469
0 228 14.0 0.6459961 0.5288086 0.8149414 0.58740234 0.8959961
0 228 14.0 0.51708984 0.47045898 0.80078125 0.58496094 0.9111328
0 229 6.0 0.99609375 0.42138672 0.78515625 0.63134766 1.0029297
0 229 6.0 0.99316406 0.32666016 0.24255371 0.41992188 0.34472656
0 229 6.0 0.98095703 0.28320312 0.28808594 0.39160156 0.42773438
0 229 6.0 0.86035156 0.8745117 0.86279297 0.9946289 0.99658203
0 229 14.0 0.57910156 0.5263672 0.8198242 0.5908203 0.9038086
0 230 6.0 0.9941406 0.3251953 0.24279785 0.42089844 0.34643555
0 230 6.0 0.9941406 0.42138672 0.7915039 0.63623047 1.0019531
0 230 6.0 0.9614258 0.2836914 0.29101562 0.39208984 0.42871094
0 230 14.0 0.6508789 0.5366211 0.8256836 0.5942383 0.90771484
0 231 6.0 0.99316406 0.3269043 0.24353027 0.4206543 0.34716797
0 231 6.0 0.9770508 0.2849121 0.2919922 0.39379883 0.43115234
0 231 6.0 0.9614258 0.43408203 0.8022461 0.6401367 1.0029297
0 231 14.0 0.53271484 0.5385742 0.8305664 0.5942383 0.9145508
0 232 6.0 0.9951172 0.32763672 0.24389648 0.421875 0.34887695
0 232 6.0 0.97314453 0.28564453 0.29296875 0.39404297 0.4321289
0 232 6.0 0.9506836 0.42578125 0.80371094 0.64160156 1.0019531
0 232 14.0 0.59765625 0.5390625 0.83691406 0.5957031 0.9169922
0 233 6.0 0.9941406 0.32788086 0.24389648 0.42358398 0.34936523
0 233 6.0 0.9580078 0.28955078 0.29003906 0.3959961 0.4326172
0 233 6.0 0.88720703 0.4272461 0.80566406 0.6411133 1.0
0 233 14.0 0.5810547 0.5395508 0.84472656 0.59716797 0.9238281
0 234 6.0 0.99609375 0.32714844 0.2421875 0.4248047 0.3486328
0 234 6.0 0.9472656 0.29003906 0.29077148 0.3959961 0.43237305
0 234 6.0 0.71484375 0.42407227 0.81152344 0.63964844 0.9970703
0 235 6.0 0.9951172 0.32861328 0.2421875 0.42529297 0.34960938
0 235 6.0 0.9580078 0.29467773 0.29711914 0.40112305 0.4284668
0 235 6.0 0.50878906 0.4333496 0.81640625 0.6401367 0.9970703
0 235 14.0 0.6328125 0.54248047 0.8544922 0.5991211 0.9345703
0 236 6.0 0.9941406 0.328125 0.24230957 0.4272461 0.3527832
0 236 6.0 0.96240234 0.2939453 0.296875 0.4013672 0.42919922
0 236 14.0 0.609375 0.54345703 0.8618164 0.5991211 0.9428711
0 237 6.0 0.9941406 0.3334961 0.24353027 0.42773438 0.35351562
0 237 6.0 0.97998047 0.3010254 0.29370117 0.40698242 0.4338379
0 237 14.0 0.67529297 0.46679688 0.83984375 0.62402344 0.99316406
0 237 14.0 0.57714844 0.5419922 0.86816406 0.6015625 0.94921875
0 237 14.0 0.50683594 0.4736328 0.8876953 0.5292969 0.95703125
0 238 6.0 0.99316406 0.33569336 0.24389648 0.42944336 0.35375977
0 238 6.0 0.9921875 0.29736328 0.29296875 0.40576172 0.43798828
0 238 14.0 0.68896484 0.54296875 0.8745117 0.6035156 0.95654297
0 238 14.0 0.67626953 0.46557617 0.8432617 0.6254883 0.99072266
0 238 14.0 0.60498047 0.4741211 0.88964844 0.53271484 0.9628906
0 239 6.0 0.99609375 0.29760742 0.29345703 0.4074707 0.43896484
0 239 6.0 0.99121094 0.33813477 0.24365234 0.42944336 0.35546875
0 239 14.0 0.6503906 0.4638672 0.8466797 0.6269531 0.9902344
0 239 14.0 0.60498047 0.47729492 0.89501953 0.53515625 0.9682617
0 239 14.0 0.60009766 0.5444336 0.8798828 0.6040039 0.9628906
0 240 6.0 0.9951172 0.2980957 0.2944336 0.40844727 0.4399414
0 240 6.0 0.9902344 0.3388672 0.24316406 0.43066406 0.3564453
0 240 14.0 0.6274414 0.5439453 0.8847656 0.6064453 0.9667969
0 240 14.0 0.57177734 0.47827148 0.90478516 0.5317383 0.9711914
0 240 14.0 0.50146484 0.48754883 0.87158203 0.5961914 0.97509766
0 241 6.0 0.9980469 0.30151367 0.30151367 0.41088867 0.44067383
0 241 6.0 0.9902344 0.34033203 0.2401123 0.43066406 0.35498047
0 241 14.0 0.69384766 0.5498047 0.890625 0.609375 0.9765625
0 241 14.0 0.63964844 0.4794922 0.91015625 0.5361328 0.9785156
0 241 14.0 0.6220703 0.46191406 0.8569336 0.6308594 0.9916992
0 242 6.0 0.9951172 0.30371094 0.30273438 0.4116211 0.4404297
0 242 6.0 0.99316406 0.33911133 0.24072266 0.43237305 0.35546875
0 242 14.0 0.63427734 0.55126953 0.89697266 0.6098633 0.98291016
0 242 14.0 0.5209961 0.45874023 0.86035156 0.6328125 0.9921875
0 243 6.0 0.9970703 0.30395508 0.30566406 0.41235352 0.44384766
0 243 6.0 0.99316406 0.34057617 0.24145508 0.4333496 0.35717773
0 243 14.0 0.72265625 0.5522461 0.90283203 0.61279297 0.98779297
0 243 14.0 0.5048828 0.47827148 0.9238281 0.54248047 0.98828125
0 244 6.0 0.9951172 0.34179688 0.24145508 0.4350586 0.35620117
0 244 6.0 0.9921875 0.30566406 0.30615234 0.41357422 0.4428711
0 244 14.0 0.74560547 0.5527344 0.90722656 0.6152344 0.99316406
0 244 14.0 0.5834961 0.4814453 0.9277344 0.5410156 0.9921875
0 245 6.0 0.9970703 0.34375 0.2421875 0.4350586 0.3540039
0 245 6.0 0.9970703 0.30444336 0.30737305 0.41333008 0.44604492
0 245 14.0 0.6870117 0.5551758 0.9121094 0.61865234 0.9951172
0 246 6.0 0.9970703 0.34472656 0.24291992 0.43701172 0.35473633
0 246 6.0 0.99316406 0.30249023 0.30737305 0.41430664 0.45092773
0 246 14.0 0.6274414 0.5541992 0.9189453 0.62060547 1.0019531
0 247 6.0 0.9980469 0.30395508 0.30810547 0.41625977 0.45507812
0 247 6.0 0.9980469 0.34716797 0.24316406 0.43847656 0.35595703
0 248 6.0 0.99902344 0.30322266 0.30810547 0.41748047 0.4560547
0 248 6.0 0.9980469 0.3474121 0.24243164 0.44018555 0.35766602
0 249 6.0 1.0 0.30322266 0.3088379 0.41845703 0.4572754
0 249 6.0 0.9980469 0.35083008 0.24279785 0.44067383 0.35620117
0 250 6.0 1.0 0.3034668 0.30859375 0.42016602 0.45751953
0 250 6.0 0.9980469 0.35107422 0.24194336 0.4423828 0.35668945
0 251 6.0 1.0 0.30517578 0.31030273 0.41845703 0.45922852
0 251 6.0 0.9980469 0.35327148 0.2421875 0.44311523 0.35791016
0 252 6.0 1.0 0.30615234 0.3125 0.42089844 0.46142578
0 252 6.0 0.9970703 0.35668945 0.24328613 0.44458008 0.3605957
0 253 6.0 1.0 0.30664062 0.31347656 0.42089844 0.46289062
0 253 6.0 0.9970703 0.35742188 0.24316406 0.4453125 0.3623047
0 254 6.0 1.0 0.30786133 0.3149414 0.42163086 0.4638672
0 254 6.0 0.9970703 0.35839844 0.24304199 0.44628906 0.3635254
0 255 6.0 1.0 0.3076172 0.3154297 0.42236328 0.46484375
0 255 6.0 0.99609375 0.36108398 0.24438477 0.44702148 0.36108398
0 255 6.0 0.56152344 0.24353027 0.29858398 0.29785156 0.34301758
0 256 6.0 1.0 0.3100586 0.31591797 0.42236328 0.46533203
0 256 6.0 0.99609375 0.36328125 0.2409668 0.4453125 0.35668945
0 256 6.0 0.5839844 0.24389648 0.29833984 0.29858398 0.34228516
