0 1 6.0 0.9964658 0.44761842 0.79922295 0.6364841 0.9990165
0 1 6.0 0.9926847 0.6256053 0.41670576 0.7727745 0.6113744
0 1 6.0 0.9909576 0.41138658 0.5242579 0.56503105 0.72822225
0 1 6.0 0.7625294 0.46290958 0.27411702 0.5801413 0.4220737
0 1 6.0 0.53976077 0.32432455 0.3768512 0.45632356 0.5337407
0 1 6.0 0.5151692 0.23920403 0.29027542 0.33928698 0.39405224
0 2 6.0 0.9954222 0.44760248 0.80186516 0.6383569 0.99910706
0 2 6.0 0.9947024 0.6328486 0.42395604 0.7784077 0.61978865
0 2 6.0 0.9942959 0.41226456 0.5295723 0.5671027 0.7297891
0 2 6.0 0.750623 0.4641972 0.27610734 0.5803963 0.42358008
0 2 6.0 0.7141999 0.3246013 0.37574682 0.4591242 0.53584516
0 3 6.0 0.99572766 0.6323187 0.42458817 0.78010625 0.62362313
0 3 6.0 0.9954581 0.44869733 0.7972397 0.6356696 0.9986244
0 3 6.0 0.99536765 0.41554058 0.53543514 0.56903505 0.7326973
0 3 6.0 0.75139654 0.32479182 0.38018942 0.4617783 0.53798795
0 3 6.0 0.70303583 0.4662448 0.27694562 0.58363974 0.4243566
0 3 6.0 0.55453944 0.15724075 0.26623008 0.22998264 0.32844386
0 4 6.0 0.9956666 0.6363875 0.4295171 0.7820316 0.6276184
0 4 6.0 0.9953695 0.41724658 0.5385295 0.56967604 0.74189615
0 4 6.0 0.99379045 0.44797772 0.8013418 0.63618046 0.99891067
0 4 6.0 0.74382234 0.46737447 0.27740034 0.58517605 0.4253783
0 4 6.0 0.73045725 0.3265366 0.379369 0.4619162 0.53887945
0 4 6.0 0.5816072 0.15328564 0.263449 0.23195316 0.33066553
0 4 6.0 0.50847673 0.23733582 0.28538144 0.34301183 0.39693284
0 5 6.0 0.995905 0.6332835 0.43035203 0.7812604 0.6273057
0 5 6.0 0.99533254 0.4463455 0.80734247 0.64266557 1.0003978
0 5 6.0 0.9921017 0.42020932 0.54212826 0.5703625 0.7455339
0 5 6.0 0.76590854 0.46934956 0.27757213 0.58908993 0.4262494
0 5 6.0 0.676946 0.32981002 0.3832909 0.46814877 0.53549635
0 5 6.0 0.60633725 0.15392816 0.263262 0.2268379 0.32903436
0 5 6.0 0.51572645 0.23867662 0.27957273 0.3438068 0.39625084
0 6 6.0 0.9962993 0.63596576 0.43572846 0.7831666 0.6339741
0 6 6.0 0.99442226 0.41992217 0.53620344 0.56904554 0.747477
0 6 6.0 0.99090064 0.4423406 0.814306 0.63891053 0.9975537
0 6 6.0 0.73141384 0.32889262 0.38311115 0.46723238 0.5382607
0 6 6.0 0.6011291 0.15275128 0.2654744 0.22210585 0.33090302
0 6 6.0 0.59949946 0.4715327 0.28082255 0.5918398 0.42368802
0 6 6.0 0.512303 0.23823681 0.27906156 0.3452625 0.39731568
0 7 6.0 0.99575377 0.4200381 0.5351944 0.5717191 0.7552264
0 7 6.0 0.9954893 0.63374555 0.43494853 0.78333414 0.6438796
0 7 6.0 0.9853837 0.43881285 0.8215549 0.64186335 0.9976454
0 7 6.0 0.7612601 0.3283985 0.38451594 0.47001997 0.53350586
0 7 6.0 0.5797536 0.4731653 0.2850881 0.59451634 0.42605773
0 7 6.0 0.56274706 0.15548052 0.26202434 0.2274075 0.33098137
0 7 6.0 0.53878903 0.23605242 0.2792865 0.34508166 0.39805335
0 8 6.0 0.9975636 0.42083487 0.5413753 0.5735713 0.7586535
0 8 6.0 0.9943305 0.6371516 0.4422245 0.7851727 0.6482022
0 8 6.0 0.97284365 0.43998387 0.8299627 0.64668 0.99836034
0 8 6.0 0.75751835 0.32970214 0.38174394 0.4725284 0.5329103
0 8 6.0 0.5543651 0.23304553 0.276955 0.3458567 0.3980925
0 8 6.0 0.53619266 0.15243368 0.25800544 0.22920491 0.33156407
0 9 6.0 0.9988103 0.4218455 0.5415692 0.57477766 0.75946313
0 9 6.0 0.99550724 0.6430491 0.44582224 0.78703177 0.64712715
0 9 6.0 0.9852705 0.43751204 0.8355535 0.64969087 1.0000966
0 9 6.0 0.7784254 0.33081996 0.38101757 0.47308326 0.53629327
0 9 6.0 0.54048735 0.2344573 0.27780378 0.34518242 0.3998474
0 9 6.0 0.5402935 0.1531557 0.2612576 0.22792171 0.33286458
0 10 6.0 0.999355 0.42256695 0.54844683 0.57521296 0.7695605
0 10 6.0 0.9940177 0.64401025 0.4394288 0.7908332 0.63826585
0 10 6.0 0.9703957 0.43586093 0.8429302 0.6556588 1.003197
0 10 6.0 0.74887407 0.33267248 0.39144716 0.47453952 0.53468776
0 10 6.0 0.5373873 0.1562757 0.26162013 0.233324 0.3316842
0 10 6.0 0.50261426 0.23626819 0.28299993 0.3451064 0.3957466
0 11 6.0 0.99924797 0.42167485 0.54475015 0.5775272 0.7752362
0 11 6.0 0.9981523 0.6466424 0.44186467 0.7940878 0.6436898
0 11 6.0 0.97026575 0.4347592 0.8515484 0.65605015 1.007845
0 11 6.0 0.74919105 0.33480924 0.416406 0.47351795 0.56618077
0 11 6.0 0.5566421 0.15399848 0.2600117 0.23333456 0.33104357
0 12 6.0 0.99908936 0.64430726 0.44389403 0.79506826 0.64871514
0 12 6.0 0.9989317 0.4227776 0.54869527 0.57695484 0.7741247
0 12 6.0 0.96044576 0.43463212 0.85422426 0.65445596 1.0118972
0 12 6.0 0.7482295 0.3352438 0.41257617 0.47296855 0.56476915
0 12 6.0 0.5321983 0.15715146 0.25949797 0.23314616 0.32803127
0 13 6.0 0.99965906 0.6489596 0.44594312 0.79974335 0.65084815
0 13 6.0 0.99900717 0.42363244 0.55322963 0.5792362 0.77897996
0 13 6.0 0.93109065 0.43639466 0.8570765 0.64920795 1.0085187
0 13 6.0 0.81774634 0.33698046 0.41083014 0.47572201 0.56641203
0 13 6.0 0.5683634 0.15590574 0.25822994 0.23315825 0.3288485
0 14 6.0 0.99970645 0.6489603 0.44840443 0.7997981 0.6513729
0 14 6.0 0.9978248 0.4249113 0.5518857 0.57863504 0.7804338
0 14 6.0 0.9274369 0.4354539 0.86139715 0.65692353 1.0091904
0 14 6.0 0.75272435 0.3386834 0.42278332 0.47825763 0.56746393
0 14 6.0 0.57958883 0.1530083 0.25322208 0.23405872 0.32935128
0 15 6.0 0.9995216 0.65031976 0.44709748 0.80280775 0.653814
0 15 6.0 0.997519 0.42424905 0.5608558 0.5840498 0.7841348
0 15 6.0 0.8583661 0.44372034 0.8620765 0.6523495 1.0036374
0 15 6.0 0.71549565 0.34331048 0.4203509 0.48148507 0.56705594
0 15 6.0 0.64847094 0.15086949 0.25549647 0.23361817 0.33110383
0 16 6.0 0.9996326 0.65134037 0.4493882 0.8017615 0.6570386
0 16 6.0 0.99890006 0.4269349 0.56903297 0.5855883 0.7922067
0 16 6.0 0.8285161 0.33911932 0.41652626 0.48308742 0.57328546
0 16 6.0 0.73129696 0.4479262 0.8648691 0.65301025 1.0017387
0 16 6.0 0.6624073 0.33768362 0.357062 0.47387177 0.47338846
0 16 6.0 0.6082052 0.15337816 0.25388312 0.23167545 0.3302499
0 17 6.0 0.99972576 0.6535322 0.45063168 0.80484444 0.66080636
0 17 6.0 0.9988192 0.42688763 0.57505244 0.5881983 0.7983609
0 17 6.0 0.8412626 0.33886698 0.42016873 0.48383036 0.5723357
0 17 6.0 0.66589797 0.46093658 0.8679185 0.6583985 1.0030954
0 17 6.0 0.561481 0.33711982 0.3602669 0.46931785 0.4698898
0 17 6.0 0.54261804 0.15487391 0.25434014 0.23120946 0.33016822
0 18 6.0 0.9997336 0.6555492 0.45481485 0.8111877 0.667919
0 18 6.0 0.9987709 0.42737675 0.5821713 0.5902909 0.79931176
0 18 6.0 0.8754751 0.34235173 0.4127911 0.4834625 0.5743173
0 18 6.0 0.5446561 0.45516893 0.87981915 0.65715945 1.0067732
0 18 6.0 0.5019917 0.33836865 0.36141047 0.4709041 0.47211227
0 19 6.0 0.9995634 0.65720314 0.4573614 0.81443304 0.6700538
0 19 6.0 0.99737155 0.4303468 0.5818963 0.5916372 0.8022815
0 19 6.0 0.75563675 0.3460983 0.42715454 0.48761547 0.57496035
0 19 6.0 0.5729108 0.15681651 0.25161913 0.2345053 0.32940426
0 20 6.0 0.99921775 0.6596163 0.46234322 0.8161853 0.67448866
0 20 6.0 0.99903643 0.4282126 0.583642 0.5940187 0.8050271
0 20 6.0 0.76183593 0.3442161 0.4287562 0.48603576 0.5779692
0 20 6.0 0.55564064 0.154605 0.24827883 0.23285091 0.32920435
0 21 6.0 0.99936944 0.42665353 0.58414984 0.5943083 0.8094722
0 21 6.0 0.9980415 0.65976787 0.46048406 0.8192673 0.67608786
0 21 6.0 0.6332147 0.344174 0.42868212 0.48844466 0.57513136
0 21 6.0 0.5344087 0.48805374 0.29666728 0.6097271 0.45735335
0 21 6.0 0.52583134 0.1571871 0.25117624 0.2318168 0.3281659
0 22 6.0 0.9991196 0.433553 0.58442533 0.59715974 0.81184363
0 22 6.0 0.9958383 0.6607491 0.45894736 0.8186177 0.6802798
0 22 6.0 0.72782624 0.34557274 0.43847027 0.48748305 0.58001566
0 22 6.0 0.5522376 0.1586452 0.2526946 0.23156796 0.32802492
0 23 6.0 0.9988224 0.43744096 0.58564526 0.5968616 0.8217618
0 23 6.0 0.99047464 0.6592416 0.46273232 0.8186205 0.6763723
0 23 6.0 0.74977845 0.34817743 0.4283284 0.4918291 0.58191466
0 23 6.0 0.65842557 0.1541518 0.24380589 0.23487273 0.32992655
0 23 6.0 0.55117905 0.495824 0.2977473 0.61188406 0.4559508
0 24 6.0 0.9989371 0.43926626 0.5847388 0.5982843 0.82530695
0 24 6.0 0.98850596 0.6633031 0.46530783 0.8230333 0.6875708
0 24 6.0 0.676721 0.34834054 0.42755783 0.49224094 0.57769465
0 24 6.0 0.6044984 0.15617879 0.24505782 0.23418833 0.3291872
0 24 6.0 0.582759 0.49522093 0.2962941 0.6134573 0.45630872
0 24 6.0 0.559198 0.3471942 0.38180795 0.48586923 0.5023294
0 25 6.0 0.9983981 0.44121495 0.5868235 0.6013532 0.8303998
0 25 6.0 0.992986 0.6673048 0.46641332 0.8266645 0.69306165
0 25 6.0 0.6498247 0.1547663 0.24349304 0.23403461 0.32929966
0 25 6.0 0.5853207 0.34967828 0.43562284 0.488824 0.575921
0 25 6.0 0.54174393 0.3460303 0.36711535 0.4803232 0.47403184
0 26 6.0 0.9978269 0.6666453 0.46698418 0.8274517 0.6956161
0 26 6.0 0.996867 0.44007647 0.59316444 0.60075176 0.8343693
0 26 6.0 0.6814031 0.15553762 0.24399213 0.2355013 0.32884926
0 26 6.0 0.61929595 0.35128966 0.42890888 0.49223587 0.5791473
0 26 6.0 0.5917561 0.50001913 0.2993733 0.61476547 0.4551424
0 26 6.0 0.53036624 0.34992635 0.38133755 0.48780662 0.50301284
0 27 6.0 0.9968652 0.4400296 0.60306346 0.60199314 0.8386072
0 27 6.0 0.9932713 0.67058885 0.4665684 0.82969415 0.69538015
0 27 6.0 0.67060786 0.1566752 0.24944314 0.23664863 0.32894716
0 27 6.0 0.6276555 0.3514392 0.43383247 0.493387 0.58492225
0 28 6.0 0.99646544 0.6705284 0.47387406 0.8306558 0.6975497
0 28 6.0 0.98723906 0.44628555 0.6057763 0.6019731 0.84610724
0 28 6.0 0.6735219 0.15669985 0.24661139 0.23843603 0.3294401
0 28 6.0 0.56916666 0.34995055 0.42842498 0.49417788 0.57904315
0 28 6.0 0.5500965 0.34982824 0.3873675 0.48936307 0.5082554
0 28 6.0 0.52542347 0.5029503 0.30350152 0.6141306 0.456351
0 29 6.0 0.9980354 0.67416984 0.4798453 0.8334902 0.6999818
0 29 6.0 0.9852989 0.44308835 0.61137223 0.60240084 0.85612917
0 29 6.0 0.7193801 0.15488355 0.2458888 0.23884414 0.32956734
0 29 6.0 0.52701795 0.5023298 0.30306 0.6157265 0.45631832
0 30 6.0 0.998295 0.6764646 0.4853485 0.83902305 0.7017015
0 30 6.0 0.9916231 0.44716838 0.62290466 0.60972154 0.856096
0 30 6.0 0.70722514 0.15611392 0.24854755 0.23735756 0.32903212
0 31 6.0 0.99693227 0.44811684 0.6259903 0.61200076 0.8587948
0 31 6.0 0.99513865 0.68085414 0.48713088 0.8401198 0.70355415
0 31 6.0 0.65195364 0.15703021 0.25025117 0.23589136 0.32826114
0 31 6.0 0.6194588 0.36114344 0.46521053 0.5060828 0.6198683
0 31 6.0 0.55153805 0.50333124 0.30335552 0.6162519 0.45757043
0 32 6.0 0.9969099 0.6819218 0.48707834 0.8413293 0.7087796
0 32 6.0 0.9955388 0.4489971 0.63036466 0.6145381 0.8602582
0 32 6.0 0.7380449 0.35707283 0.46199667 0.5050734 0.6217358
0 32 6.0 0.6548235 0.15709299 0.24837461 0.23704877 0.33028582
0 32 6.0 0.5453626 0.50294685 0.30558914 0.6175796 0.4607523
0 32 6.0 0.5243931 0.3471619 0.38261023 0.48974776 0.50809884
0 33 6.0 0.9980604 0.684389 0.49663883 0.842033 0.7140116
0 33 6.0 0.99702924 0.44960788 0.6278251 0.61514854 0.865212
0 33 6.0 0.7590272 0.35927823 0.4625888 0.5050964 0.6244819
0 33 6.0 0.6579567 0.16023067 0.25074542 0.23553061 0.32833904
0 33 6.0 0.61629665 0.503095 0.30274367 0.6195653 0.46232837
0 34 6.0 0.9991053 0.44895095 0.62966406 0.6193641 0.87544084
0 34 6.0 0.99805474 0.6851263 0.49974853 0.8428494 0.71482235
0 34 6.0 0.7737759 0.36670846 0.46444315 0.50971466 0.6234464
0 34 6.0 0.6769262 0.5024066 0.3017975 0.6217009 0.46568954
0 34 6.0 0.6112527 0.16244268 0.25103948 0.23480883 0.3271931
0 35 6.0 0.9989849 0.45014402 0.6322167 0.6199088 0.88136625
0 35 6.0 0.99765176 0.68650496 0.5014099 0.84675467 0.7205783
0 35 6.0 0.6493182 0.36568493 0.46683806 0.5086324 0.62526983
0 35 6.0 0.6307689 0.1571376 0.2477593 0.23772833 0.32888603
0 35 6.0 0.5086187 0.5040935 0.30419502 0.6206467 0.4667985
0 36 6.0 0.99943227 0.4459984 0.6304346 0.6206311 0.8844188
0 36 6.0 0.9970476 0.69077355 0.50946915 0.8488501 0.72317433
0 36 6.0 0.8293337 0.36993313 0.46578512 0.51042587 0.62723064
0 36 6.0 0.6369914 0.5039014 0.3005395 0.62922615 0.46247017
0 36 6.0 0.5919688 0.16183692 0.24924031 0.2369886 0.32817253
0 36 6.0 0.53518814 0.3491099 0.3803209 0.48943794 0.5127679
0 37 6.0 0.9993919 0.44470683 0.63447595 0.62220675 0.89000225
0 37 6.0 0.999012 0.69177914 0.5112146 0.8540491 0.7258698
0 37 6.0 0.75411695 0.37250063 0.46764064 0.513389 0.62907016
0 37 6.0 0.713767 0.5026057 0.3005705 0.63012254 0.4649127
0 37 6.0 0.56693864 0.16434485 0.24985954 0.23635224 0.3271328
0 38 6.0 0.9984597 0.44619521 0.6438052 0.6246421 0.8993327
0 38 6.0 0.9979037 0.69667846 0.5141874 0.85582894 0.7268236
0 38 6.0 0.80222183 0.5070747 0.30152097 0.63397264 0.46695742
0 38 6.0 0.6046701 0.16553853 0.24923757 0.23687707 0.32652268
0 38 6.0 0.5955896 0.37080896 0.46528655 0.51241547 0.6295646
0 38 6.0 0.5280508 0.3462438 0.37638682 0.48662835 0.51526
0 39 6.0 0.99888366 0.44759655 0.6479474 0.62788415 0.908703
0 39 6.0 0.9960349 0.6957684 0.5204478 0.85981256 0.7353856
0 39 6.0 0.8057513 0.37008762 0.46697083 0.5131206 0.636291
0 39 6.0 0.75793105 0.5122073 0.30252972 0.63612026 0.47078446
0 39 6.0 0.6414908 0.16690865 0.25426093 0.23681682 0.32685813
0 40 6.0 0.998782 0.4509206 0.65674996 0.62794906 0.9114629
0 40 6.0 0.9963098 0.69561976 0.52080274 0.8604961 0.74432516
0 40 6.0 0.87922144 0.36651134 0.47144896 0.51580703 0.6408344
0 40 6.0 0.8322636 0.51271534 0.3023081 0.6406704 0.47540453
0 40 6.0 0.6595438 0.16639584 0.2548669 0.23648551 0.32692498
0 41 6.0 0.99802655 0.69854236 0.52327514 0.8591505 0.7524513
0 41 6.0 0.99760085 0.45520753 0.6655978 0.6324869 0.90639365
0 41 6.0 0.93989164 0.5138334 0.30032492 0.6434605 0.4838261
0 41 6.0 0.88919324 0.37233874 0.46984679 0.5188173 0.6466059
0 41 6.0 0.6590036 0.16761357 0.25387368 0.2364124 0.32556298
0 42 6.0 0.9985049 0.69886297 0.51652354 0.8623627 0.7470127
0 42 6.0 0.99758947 0.45397288 0.66932684 0.62985045 0.9168274
0 42 6.0 0.96153384 0.51224214 0.3018275 0.6476659 0.48285472
0 42 6.0 0.87854284 0.38274467 0.47201037 0.5222634 0.64656997
0 42 6.0 0.6836163 0.16621588 0.2543747 0.23658325 0.3263047
0 43 6.0 0.9987943 0.7027694 0.52359736 0.8657092 0.74929976
0 43 6.0 0.9977296 0.45716953 0.67657137 0.6323191 0.92120194
0 43 6.0 0.9227665 0.38085088 0.47287312 0.5224175 0.65131754
0 43 6.0 0.916534 0.5172822 0.30183858 0.6493067 0.48360693
0 43 6.0 0.6921923 0.16301733 0.24952589 0.23786303 0.32688612
0 44 6.0 0.9988226 0.7055346 0.5245801 0.86529505 0.7525418
0 44 6.0 0.99797124 0.44983023 0.68208563 0.6316741 0.93441296
0 44 6.0 0.9251891 0.37879345 0.4758373 0.52462006 0.6521043
0 44 6.0 0.8838506 0.5179799 0.30235428 0.65014535 0.4824527
0 44 6.0 0.69793063 0.16249043 0.24760963 0.23893088 0.3271067
0 45 6.0 0.9989391 0.45088506 0.6825876 0.6358421 0.93899536
0 45 6.0 0.9977107 0.7110097 0.53065604 0.86855596 0.75375813
0 45 6.0 0.9280225 0.51436424 0.30058464 0.63759327 0.48242602
0 45 6.0 0.92028123 0.38187462 0.4786736 0.52447736 0.65192705
0 45 6.0 0.6852354 0.1656688 0.25102898 0.2369728 0.32512113
0 46 6.0 0.9992067 0.45701838 0.6863011 0.64012074 0.9461584
0 46 6.0 0.99832696 0.7119176 0.53485215 0.8756713 0.7624192
0 46 6.0 0.96646816 0.38115516 0.47959238 0.52688 0.66115385
0 46 6.0 0.93614936 0.51641554 0.30062076 0.6404329 0.48629168
0 46 6.0 0.6646493 0.16653046 0.24809268 0.23732468 0.32465556
0 47 6.0 0.999015 0.7126147 0.53774893 0.8771418 0.76702917
0 47 6.0 0.99892515 0.45903695 0.691388 0.64008737 0.95202386
0 47 6.0 0.9762917 0.38273835 0.4801882 0.5289355 0.66180176
0 47 6.0 0.92140913 0.5165914 0.30094242 0.6409123 0.48585582
0 47 6.0 0.632993 0.1660761 0.2512051 0.23795062 0.3256734
0 48 6.0 0.9990662 0.45729548 0.6934517 0.6440038 0.95979077
0 48 6.0 0.997451 0.71202517 0.53519106 0.87639403 0.7740208
0 48 6.0 0.9798518 0.37953836 0.47914165 0.5319646 0.6603599
0 48 6.0 0.94859344 0.5159097 0.3030244 0.64237344 0.48734754
0 48 6.0 0.6440611 0.16481398 0.25173962 0.23919247 0.327177
0 49 6.0 0.9972042 0.71219444 0.54139817 0.8802285 0.78054917
0 49 6.0 0.99656504 0.46623623 0.7014437 0.6450237 0.9639368
0 49 6.0 0.96275264 0.515566 0.30408606 0.64342594 0.48964152
0 49 6.0 0.9415093 0.37994096 0.47950888 0.5321554 0.66267467
0 49 6.0 0.602764 0.16594912 0.2510734 0.23736273 0.32554808
0 50 6.0 0.9992113 0.46550372 0.7011395 0.64204496 0.9581831
0 50 6.0 0.9968407 0.71126026 0.55020154 0.8847217 0.7837174
0 50 6.0 0.9684485 0.38785636 0.50485504 0.53803533 0.6797974
0 50 6.0 0.94930226 0.5179954 0.30731326 0.6446864 0.48878092
0 50 6.0 0.5996589 0.1670477 0.24864215 0.236724 0.32403725
0 51 6.0 0.99823415 0.711571 0.5519323 0.8850248 0.7869957
0 51 6.0 0.9969283 0.47031507 0.706165 0.6439891 0.9720716
0 51 6.0 0.9615859 0.3879333 0.50139487 0.540097 0.6801568
0 51 6.0 0.95890486 0.5184748 0.3080535 0.647043 0.4900337
0 51 6.0 0.6148856 0.16759466 0.24776852 0.23745199 0.32173133
0 52 6.0 0.99815434 0.7120894 0.56011844 0.8899267 0.7940532
0 52 6.0 0.99806076 0.47016627 0.71767205 0.6448943 0.9766483
0 52 6.0 0.9781302 0.3918905 0.49999636 0.5448587 0.6854504
0 52 6.0 0.9548418 0.5222531 0.30842942 0.64846605 0.4888029
0 52 6.0 0.63169676 0.16798395 0.24832708 0.23751616 0.32183713
0 53 6.0 0.99919873 0.7138208 0.5635163 0.89372253 0.7960473
0 53 6.0 0.99884856 0.47068688 0.7238278 0.64754343 0.97896796
0 53 6.0 0.982209 0.39221427 0.5007085 0.5465519 0.68680996
0 53 6.0 0.9727285 0.52312416 0.3087418 0.6514824 0.49292272
0 53 6.0 0.59537697 0.16935152 0.25079763 0.23629421 0.32130778
0 53 6.0 0.5028593 0.29421744 0.31824154 0.3954343 0.46166027
0 54 6.0 0.99913377 0.71647596 0.56990063 0.89701855 0.799783
0 54 6.0 0.99905545 0.4686921 0.7294661 0.64782494 0.9881549
0 54 6.0 0.99739033 0.39117554 0.50057155 0.55088127 0.6926816
0 54 6.0 0.982084 0.52462053 0.3107741 0.6535553 0.4924972
0 54 6.0 0.53323984 0.16964875 0.25199026 0.23592933 0.3214386
0 55 6.0 0.99930584 0.46666652 0.73217523 0.6530277 0.9859321
0 55 6.0 0.9991757 0.71862185 0.57589436 0.8968214 0.80316806
0 55 6.0 0.9974692 0.39376256 0.49760717 0.55391604 0.697715
0 55 6.0 0.9829779 0.52405536 0.3146583 0.65527534 0.49701354
0 55 6.0 0.5125862 0.2954369 0.32206067 0.39948663 0.46407482
0 55 6.0 0.51077384 0.17001477 0.2507799 0.23723209 0.3219441
0 56 6.0 0.9989768 0.4724126 0.7317438 0.6492357 0.99053
0 56 6.0 0.99761957 0.7186483 0.5780203 0.8973738 0.8051173
0 56 6.0 0.9931161 0.39407176 0.50007683 0.5540635 0.696794
0 56 6.0 0.98361766 0.52475387 0.3131905 0.65797156 0.5011112
0 56 6.0 0.54453593 0.17007203 0.24904117 0.23680033 0.32021794
0 57 6.0 0.9992749 0.7186199 0.5792573 0.8981599 0.8096804
0 57 6.0 0.9992175 0.47433597 0.74060345 0.6484619 0.989529
0 57 6.0 0.9906578 0.39349377 0.5034182 0.5554662 0.70242393
0 57 6.0 0.97758263 0.5250265 0.31578064 0.6615947 0.5040185
0 57 6.0 0.5484794 0.17205298 0.2488236 0.23595268 0.31738892
0 57 6.0 0.53030825 0.29619852 0.31321082 0.4015552 0.46463826
0 58 6.0 0.9992487 0.7221968 0.5797342 0.8989023 0.8136233
0 58 6.0 0.9986916 0.4789623 0.7420023 0.64717007 0.98998934
0 58 6.0 0.98845005 0.3940854 0.50706065 0.5566185 0.70670927
0 58 6.0 0.97408694 0.53600836 0.3252506 0.66366744 0.5066425
0 58 6.0 0.5779464 0.3674597 0.44122964 0.5218432 0.57440823
0 58 6.0 0.53860176 0.17252629 0.24731041 0.2359794 0.31685758
0 59 6.0 0.99928254 0.7270056 0.58220893 0.90167236 0.81804746
0 59 6.0 0.99770385 0.47762626 0.7452828 0.6545368 0.99221164
0 59 6.0 0.97886974 0.3933546 0.5048483 0.5602879 0.71014446
0 59 6.0 0.96400607 0.5385632 0.3278802 0.66563135 0.50848716
0 60 6.0 0.99950707 0.73136723 0.58794224 0.9076288 0.8266616
0 60 6.0 0.999102 0.4780095 0.7495272 0.65509146 0.9973105
0 60 6.0 0.9721053 0.39520335 0.5077467 0.5609865 0.7118697
0 60 6.0 0.96159 0.5436543 0.3298365 0.6661029 0.5100341
0 60 6.0 0.5428741 0.3433248 0.43049124 0.47957495 0.5901876
0 61 6.0 0.9992367 0.4792413 0.75735176 0.65618056 0.999416
0 61 6.0 0.9989262 0.7337195 0.5888324 0.91255325 0.8348901
0 61 6.0 0.954458 0.39445007 0.50924534 0.56043404 0.71964234
0 61 6.0 0.9455627 0.54475087 0.33352625 0.66819245 0.5115391
0 61 6.0 0.61492586 0.3635345 0.4412729 0.5190774 0.585874
0 62 6.0 0.9988174 0.47945017 0.76899666 0.6597844 1.0019382
0 62 6.0 0.9981698 0.73621726 0.59403896 0.9156438 0.83736384
0 62 6.0 0.9794784 0.3993847 0.5202163 0.56074476 0.7181631
0 62 6.0 0.95077574 0.5482653 0.3372831 0.6686606 0.51210576
0 63 6.0 0.99765164 0.73565775 0.59805924 0.91567 0.84176177
0 63 6.0 0.9969137 0.48301038 0.77159137 0.66339093 1.0005181
0 63 6.0 0.97195214 0.40078482 0.5276867 0.5634924 0.7249311
0 63 6.0 0.950505 0.54824555 0.33948195 0.67014146 0.51457083
0 64 6.0 0.9977799 0.73660475 0.60466707 0.9200863 0.8489016
0 64 6.0 0.99319696 0.4843148 0.78450006 0.66173506 0.9948408
0 64 6.0 0.97023916 0.40231135 0.5259196 0.5644067 0.72524065
0 64 6.0 0.9312085 0.54999995 0.3375839 0.6714103 0.5179996
0 64 6.0 0.52694315 0.16916779 0.24432074 0.2389678 0.32211888
0 65 6.0 0.998594 0.7417811 0.6076255 0.92065024 0.8554716
0 65 6.0 0.99123 0.48481315 0.78770113 0.66634744 0.99435806
0 65 6.0 0.9713027 0.4053527 0.5373353 0.56393 0.73686826
0 65 6.0 0.95158553 0.5510321 0.33605364 0.67295724 0.5216464
0 65 6.0 0.53970075 0.16847755 0.24288037 0.24043976 0.32409826
0 66 6.0 0.99877495 0.7447069 0.61644423 0.9220405 0.8533703
0 66 6.0 0.98716533 0.40529677 0.5315112 0.56850415 0.739599
0 66 6.0 0.98207444 0.48511064 0.7965753 0.66320026 0.9957663
0 66 6.0 0.9167097 0.55142754 0.3388761 0.67422265 0.5226344
0 66 6.0 0.50756544 0.16931796 0.24402487 0.24067345 0.32456303
0 67 6.0 0.99883944 0.743214 0.6203854 0.9223546 0.8571416
0 67 6.0 0.9932904 0.50074923 0.7955754 0.6736443 1.000213
0 67 6.0 0.9771941 0.4089267 0.53695095 0.56730586 0.74197936
0 67 6.0 0.9329269 0.5516442 0.3412662 0.67572534 0.5258916
0 68 6.0 0.9962345 0.7445209 0.62320447 0.9245037 0.8626075
0 68 6.0 0.99092484 0.49380732 0.7992534 0.68071556 0.9999108
0 68 6.0 0.9868873 0.41286635 0.5409556 0.5700835 0.7461147
0 68 6.0 0.8675922 0.5530249 0.34179026 0.6768739 0.52782345
0 69 6.0 0.99749434 0.747832 0.6293036 0.9235905 0.86507726
0 69 6.0 0.994785 0.49641287 0.8053395 0.6814363 1.0002791
0 69 6.0 0.9867194 0.41184154 0.54310584 0.571522 0.7483871
0 69 6.0 0.9324722 0.5527453 0.34682053 0.6790555 0.5300496
0 69 6.0 0.5806408 0.35446313 0.4755333 0.48362133 0.63240784
0 70 6.0 0.9960896 0.50078773 0.8087176 0.6807984 0.9991319
0 70 6.0 0.99347246 0.7447495 0.62639654 0.9282474 0.8717971
0 70 6.0 0.99157387 0.4136503 0.546958 0.57034785 0.7537593
0 70 6.0 0.814622 0.5547631 0.34651536 0.6843735 0.5302144
0 70 6.0 0.575878 0.35608593 0.48101705 0.48137924 0.6322594
0 70 6.0 0.53029954 0.30386755 0.32994223 0.41781345 0.48307484
0 71 6.0 0.9972555 0.5001664 0.81608456 0.67669034 0.9976414
0 71 6.0 0.99593216 0.41679823 0.5475392 0.57358533 0.75810426
0 71 6.0 0.9955787 0.7541613 0.62689924 0.9357433 0.87645614
0 71 6.0 0.68706167 0.35504574 0.46592045 0.48385066 0.6343893
0 71 6.0 0.6387637 0.5547378 0.34612143 0.6841544 0.53167367
0 72 6.0 0.99748 0.41684526 0.5489137 0.5765159 0.7616025
0 72 6.0 0.99564666 0.4974438 0.8225702 0.6771859 0.9949751
0 72 6.0 0.9921572 0.7553079 0.63251966 0.93660176 0.88456696
0 72 6.0 0.8041463 0.54806995 0.3364043 0.6870073 0.5303645
0 72 6.0 0.67222625 0.35768548 0.46776947 0.48121938 0.6349889
0 73 6.0 0.9952415 0.7509226 0.6324887 0.9435831 0.89193773
0 73 6.0 0.9950305 0.41934314 0.5620575 0.57764995 0.7671025
0 73 6.0 0.9917452 0.4964152 0.8309725 0.6821025 0.9968174
0 73 6.0 0.9567854 0.5567886 0.34146827 0.69739586 0.529074
0 73 6.0 0.6458979 0.35688323 0.4850734 0.47779423 0.64133745
0 74 6.0 0.99715626 0.42015135 0.55884075 0.5778858 0.7744893
0 74 6.0 0.9957098 0.7619286 0.641373 0.95066434 0.90032023
0 74 6.0 0.9900073 0.56026196 0.34082353 0.7005168 0.53331876
0 74 6.0 0.9897069 0.500016 0.8403101 0.68494725 1.0001731
0 74 6.0 0.6846691 0.35614142 0.47069842 0.48371258 0.644427
0 74 6.0 0.50686085 0.3096172 0.33512393 0.42628863 0.48543486
0 75 6.0 0.9953875 0.7487597 0.63754714 0.9519227 0.90642905
0 75 6.0 0.991434 0.42073888 0.5662042 0.57819235 0.77492166
0 75 6.0 0.98767686 0.49908042 0.84389323 0.6890446 1.0009828
0 75 6.0 0.9852726 0.5646642 0.34388363 0.7008899 0.5326437
0 75 6.0 0.59422797 0.3562627 0.48357612 0.48007372 0.64324206
0 75 6.0 0.58005667 0.3075875 0.33769503 0.4265889 0.49405906
0 76 6.0 0.9973157 0.7660665 0.6478809 0.959825 0.90347564
0 76 6.0 0.9935662 0.42401433 0.57381463 0.5805845 0.78007424
0 76 6.0 0.9731232 0.497386 0.8490038 0.692298 1.0007278
0 76 6.0 0.9686602 0.5548781 0.3400431 0.6869085 0.536608
0 76 6.0 0.6976005 0.35340396 0.48574767 0.4834316 0.64741373
0 77 6.0 0.9986395 0.7668809 0.65913993 0.9609104 0.90670794
0 77 6.0 0.99340916 0.4257664 0.5809025 0.5818208 0.784504
0 77 6.0 0.98039573 0.49685544 0.85154784 0.6991511 1.0016215
0 77 6.0 0.9664543 0.55645627 0.34126443 0.689598 0.5375455
0 77 6.0 0.6800214 0.37127122 0.49787477 0.50460404 0.6469192
0 78 6.0 0.99832755 0.76576215 0.6616367 0.96454924 0.91313016
0 78 6.0 0.9959365 0.42756677 0.57549083 0.58375657 0.7876073
0 78 6.0 0.9810761 0.55967 0.340231 0.69247794 0.5416406
0 78 6.0 0.9705311 0.49769363 0.85925806 0.70139694 1.0011817
0 78 6.0 0.6978986 0.35501748 0.48363337 0.48673302 0.6494721
0 79 6.0 0.9960156 0.4311952 0.58626074 0.5868985 0.7962206
0 79 6.0 0.9953908 0.7672734 0.6617836 0.9651246 0.9202894
0 79 6.0 0.95617265 0.49992174 0.8622702 0.7023023 1.0017586
0 79 6.0 0.93740827 0.5602547 0.34157655 0.6927657 0.54264784
0 79 6.0 0.6942722 0.35549903 0.4841025 0.48249578 0.64936495
0 80 6.0 0.99709356 0.43100375 0.5853429 0.5860205 0.7970805
0 80 6.0 0.9929428 0.765904 0.666742 0.96629936 0.930419
0 80 6.0 0.96546024 0.5615797 0.34427744 0.6953157 0.5423386
0 80 6.0 0.89184815 0.5031067 0.8680886 0.699942 0.9992378
0 80 6.0 0.66406727 0.35790867 0.47936642 0.48549026 0.6494434
0 81 6.0 0.9979913 0.43320438 0.5872092 0.5880153 0.798805
0 81 6.0 0.99747354 0.76680905 0.67813903 0.9740798 0.9325127
0 81 6.0 0.9613702 0.56374574 0.34863442 0.69679666 0.5424515
0 81 6.0 0.84588045 0.5009209 0.8738709 0.69555795 1.001543
0 81 6.0 0.7732254 0.37344074 0.48608074 0.507632 0.65041065
0 82 6.0 0.9990087 0.43128714 0.578513 0.5938889 0.80127585
0 82 6.0 0.9968274 0.7691596 0.6789745 0.9757357 0.9383211
0 82 6.0 0.9769155 0.56605595 0.35306346 0.6992609 0.5424333
0 82 6.0 0.85354096 0.37030017 0.48113817 0.50718987 0.6520074
0 82 6.0 0.7948213 0.51131403 0.87926686 0.6973835 1.0016241
0 83 6.0 0.9991954 0.42863035 0.57974327 0.5971645 0.80537796
0 83 6.0 0.9937882 0.768962 0.6814204 0.97816443 0.94726485
0 83 6.0 0.9618537 0.56802744 0.35194582 0.69793147 0.54505473
0 83 6.0 0.69921815 0.3707784 0.48413736 0.5084134 0.64959425
0 83 6.0 0.6075218 0.51733047 0.8907319 0.6973323 1.0046915
0 84 6.0 0.9996526 0.430765 0.5787519 0.59841794 0.8129566
0 84 6.0 0.9945456 0.7721567 0.6870007 0.9830587 0.95206887
0 84 6.0 0.9509572 0.56885266 0.35384944 0.7029015 0.5461663
0 84 6.0 0.6037471 0.37484446 0.4936276 0.50266767 0.6522854
0 84 6.0 0.5512591 0.5224449 0.9016536 0.6952979 1.000816
0 85 6.0 0.9993025 0.43157914 0.58217096 0.601815 0.82155657
0 85 6.0 0.992034 0.7771341 0.6914197 0.9830145 0.9595591
0 85 6.0 0.967952 0.56855947 0.35559338 0.7060799 0.54964316
0 85 6.0 0.79007673 0.37206477 0.48182172 0.5108214 0.6531916
0 85 6.0 0.6326484 0.5183368 0.90620553 0.69403577 1.0018865
0 86 6.0 0.99933726 0.43224776 0.584214 0.6007185 0.82724965
0 86 6.0 0.99195695 0.77868634 0.6800494 0.98146254 0.9619204
0 86 6.0 0.9617355 0.56942964 0.359968 0.7096052 0.5531504
0 86 6.0 0.79500175 0.3720674 0.50692755 0.51569426 0.6760563
0 86 6.0 0.552192 0.5210771 0.9101926 0.69543713 1.0024651
0 86 6.0 0.51414317 0.32010663 0.36850226 0.4522308 0.52241695
0 87 6.0 0.99941313 0.4364239 0.5970613 0.60083866 0.8318995
0 87 6.0 0.99352914 0.7857767 0.6864184 0.98454136 0.9626869
0 87 6.0 0.9245706 0.5801703 0.3665474 0.71466696 0.5603624
0 87 6.0 0.8583159 0.37252787 0.50241697 0.5159201 0.6810529
0 87 6.0 0.657645 0.31484127 0.36464596 0.45300817 0.5306586
0 88 6.0 0.9981805 0.43791816 0.60610586 0.60204417 0.8367823
0 88 6.0 0.9874987 0.7878276 0.6906539 0.98787165 0.9693053
0 88 6.0 0.9598545 0.5841577 0.36993676 0.7176124 0.5632249
0 88 6.0 0.915944 0.3703507 0.4981616 0.51454943 0.6852321
0 88 6.0 0.55110717 0.31412265 0.37427416 0.45741263 0.5237912
0 89 6.0 0.9972173 0.43904838 0.6033921 0.6005465 0.83910286
0 89 6.0 0.99299777 0.7899782 0.6992648 0.9893642 0.9759801
0 89 6.0 0.96907604 0.5851791 0.3714272 0.71872246 0.56568325
0 89 6.0 0.91903806 0.37413108 0.4985408 0.519809 0.68481076
0 89 6.0 0.69041115 0.31370115 0.36361635 0.451132 0.5284555
0 90 6.0 0.99523985 0.44155824 0.6102304 0.6016388 0.8418738
0 90 6.0 0.97752213 0.78855497 0.70262814 0.99053687 0.9777783
0 90 6.0 0.9319964 0.5863893 0.36845392 0.72067356 0.5688948
0 90 6.0 0.9242208 0.37607092 0.5093448 0.5248415 0.689934
0 91 6.0 0.98963964 0.44116783 0.61143255 0.6077826 0.8518797
0 91 6.0 0.98858136 0.79094136 0.7175596 0.9916072 0.98292994
0 91 6.0 0.9817623 0.5888957 0.3705986 0.72112167 0.56979626
0 91 6.0 0.9400512 0.37668312 0.49772966 0.5210785 0.6940944
0 91 6.0 0.54091245 0.3143824 0.3722606 0.45133922 0.5343058
0 92 6.0 0.9931851 0.4446642 0.6212977 0.6087614 0.85239744
0 92 6.0 0.98885417 0.7896614 0.72621304 1.0054164 0.9904513
0 92 6.0 0.9812912 0.58918697 0.3710129 0.7241716 0.57616997
0 92 6.0 0.94620734 0.3781277 0.5092673 0.51904494 0.6999443
0 92 6.0 0.5368867 0.31113085 0.3679232 0.44883117 0.52992827
0 93 6.0 0.9946523 0.4438299 0.6217649 0.61041737 0.85563517
0 93 6.0 0.9931346 0.5921186 0.37755904 0.7264986 0.58240104
0 93 6.0 0.9922862 0.7894513 0.7276989 1.0073487 0.9920026
0 93 6.0 0.92908293 0.37875763 0.50071496 0.51469254 0.70410854
0 94 6.0 0.99855214 0.44595176 0.62362605 0.613149 0.8636511
0 94 6.0 0.98137474 0.78855306 0.72943246 1.0084778 0.99487066
0 94 6.0 0.96370137 0.5956664 0.3834706 0.72617614 0.58585304
0 94 6.0 0.9017646 0.37629145 0.50935614 0.51819277 0.7024704
0 95 6.0 0.9982843 0.44560623 0.6260995 0.6145661 0.86792046
0 95 6.0 0.9896241 0.79237294 0.7320198 1.0072963 0.9952043
0 95 6.0 0.9352899 0.5951232 0.38463557 0.72762764 0.59857565
0 95 6.0 0.9283198 0.3804058 0.50947064 0.52275604 0.7033586
0 95 6.0 0.6687261 0.31688356 0.36627865 0.4515413 0.53913605
0 96 6.0 0.99895656 0.4440723 0.6235135 0.6153924 0.87427694
0 96 6.0 0.99348325 0.7954605 0.73819625 0.9993023 0.99847484
0 96 6.0 0.9464997 0.3859504 0.51804954 0.528823 0.704192
0 96 6.0 0.898564 0.5952914 0.38353783 0.73063326 0.5988439
0 96 6.0 0.74041116 0.31360036 0.36521614 0.44749576 0.53553486
0 97 6.0 0.997416 0.44010624 0.6308959 0.616122 0.8794305
0 97 6.0 0.99460286 0.7950678 0.74243236 0.9994339 0.9996706
0 97 6.0 0.9294597 0.5965882 0.38314146 0.73197335 0.6055373
0 97 6.0 0.87394834 0.38268563 0.5283528 0.51732224 0.71181434
0 98 6.0 0.99880576 0.44012642 0.63084185 0.619056 0.88493884
0 98 6.0 0.99257797 0.8009235 0.7459558 0.9968893 1.0082735
0 98 6.0 0.98870265 0.5980098 0.3817563 0.73443973 0.5872999
0 98 6.0 0.85267323 0.38617575 0.5274994 0.53620744 0.71100324
0 98 6.0 0.5536671 0.31943414 0.37361485 0.4471523 0.5365279
0 99 6.0 0.99935037 0.43923545 0.63175917 0.61988354 0.8889359
0 99 6.0 0.9943605 0.60100967 0.38240495 0.7383235 0.59472084
0 99 6.0 0.9890822 0.80341804 0.7513836 0.9964129 1.0034994
0 99 6.0 0.86821616 0.38925642 0.5339276 0.52436155 0.72294205
0 99 6.0 0.64231324 0.3195762 0.3746003 0.4452818 0.5418649
0 100 6.0 0.9989981 0.4386132 0.6392871 0.6247783 0.89512885
0 100 6.0 0.99480754 0.8138927 0.75630087 0.9966221 1.0003848
0 100 6.0 0.95980936 0.5997534 0.38202178 0.7389684 0.5955843
0 100 6.0 0.9309849 0.38921872 0.52306855 0.5294584 0.72487247
0 100 6.0 0.5165415 0.32067934 0.37632078 0.4473054 0.5344025
0 101 6.0 0.99930716 0.4377531 0.642373 0.62662506 0.9008252
0 101 6.0 0.99529207 0.8181834 0.7637344 0.99680746 0.99651533
0 101 6.0 0.97481525 0.38853735 0.52756137 0.5286657 0.73292726
0 101 6.0 0.9304081 0.60004157 0.3825832 0.74212366 0.5983409
0 101 6.0 0.50250715 0.32385406 0.3865194 0.44872823 0.53488535
0 102 6.0 0.99927014 0.4410506 0.65070045 0.62729913 0.9052832
0 102 6.0 0.99589396 0.8161293 0.77002174 0.9993682 0.9966039
0 102 6.0 0.96594495 0.6019184 0.38441968 0.74526197 0.59857297
0 102 6.0 0.94772243 0.39251316 0.5239377 0.5344222 0.7358409
0 102 6.0 0.68295276 0.3237984 0.3738399 0.44971034 0.54436743
0 103 6.0 0.9994286 0.44228446 0.6617164 0.6313646 0.91235787
0 103 6.0 0.9925402 0.8172854 0.77345186 0.9957807 0.99333316
0 103 6.0 0.9923906 0.6050026 0.38486725 0.74936265 0.60074145
0 103 6.0 0.7887974 0.39713192 0.5560049 0.54103464 0.74276495
0 103 6.0 0.53757095 0.33024108 0.38537574 0.44644147 0.5544443
0 104 6.0 0.9995328 0.44358972 0.6675102 0.63173306 0.91340774
0 104 6.0 0.9840507 0.6082966 0.38638029 0.7503198 0.6006813
0 104 6.0 0.981875 0.8187068 0.7811558 0.9966137 0.9901526
0 104 6.0 0.7478966 0.3945573 0.5517262 0.54153466 0.7424449
0 105 6.0 0.9986935 0.44092783 0.6642562 0.63113 0.9210087
0 105 6.0 0.9901276 0.60831845 0.38757098 0.7509562 0.60497814
0 105 6.0 0.9852012 0.8210022 0.7825916 0.9974311 0.99132526
0 105 6.0 0.8727097 0.39926806 0.5413176 0.55034983 0.7511798
0 105 6.0 0.66559863 0.33142006 0.39189574 0.44904006 0.5548803
0 106 6.0 0.99853575 0.43920875 0.671329 0.63199437 0.9302529
0 106 6.0 0.9926312 0.8229275 0.7909304 0.9961351 0.99693596
0 106 6.0 0.98566353 0.6117526 0.38981307 0.75576806 0.60940385
0 106 6.0 0.8627643 0.39991614 0.53901255 0.5578086 0.7512013
0 106 6.0 0.6285086 0.33370826 0.38644928 0.451678 0.5575018
0 107 6.0 0.99932265 0.44526562 0.6796491 0.6333988 0.9333763
0 107 6.0 0.9908755 0.8305482 0.79808074 0.99843615 1.0000232
0 107 6.0 0.96000576 0.61088336 0.39243403 0.756868 0.6123661
0 107 6.0 0.9579702 0.40168154 0.535304 0.5650457 0.7535768
0 108 6.0 0.9995259 0.44748473 0.6821835 0.63543665 0.94442785
0 108 6.0 0.9906461 0.8284839 0.80009276 1.001143 1.0012821
0 108 6.0 0.97120374 0.6115147 0.39678714 0.76356184 0.61685514
0 108 6.0 0.9381065 0.40139896 0.54828507 0.56348854 0.7561576
0 108 6.0 0.6858121 0.33350658 0.39712694 0.45546508 0.56652415
0 109 6.0 0.99936706 0.45362824 0.68985224 0.63604885 0.94836175
0 109 6.0 0.99114555 0.83538747 0.8067621 1.00112 1.0010706
0 109 6.0 0.9895835 0.6113703 0.4009623 0.7653352 0.6220179
0 109 6.0 0.9605546 0.40208477 0.5434915 0.56461453 0.7509519
0 109 6.0 0.7334368 0.33353627 0.39419672 0.45637238 0.57305783
0 110 6.0 0.9988463 0.45276427 0.6982365 0.6357764 0.9505436
0 110 6.0 0.99084693 0.8383391 0.8094517 1.0015448 1.0000292
0 110 6.0 0.982248 0.60700834 0.40618366 0.76003635 0.6229189
0 110 6.0 0.9571842 0.4052438 0.556903 0.5670275 0.7494488
0 110 6.0 0.66118664 0.3360675 0.40761796 0.45742607 0.57417727
0 111 6.0 0.9993649 0.45455295 0.7012573 0.6409896 0.9569612
0 111 6.0 0.98662853 0.8350482 0.81356275 1.0011052 1.0022194
0 111 6.0 0.98017764 0.60898143 0.40877613 0.7624956 0.6234771
0 111 6.0 0.95415723 0.40347338 0.559054 0.565819 0.76141167
0 111 6.0 0.7438696 0.33818486 0.40395108 0.45649198 0.5735903
0 112 6.0 0.99942434 0.4611737 0.7070293 0.6398503 0.96384984
0 112 6.0 0.9847877 0.83835864 0.8231399 1.00264 0.997138
0 112 6.0 0.9799716 0.6105605 0.40967858 0.7645028 0.628644
0 112 6.0 0.90164167 0.40696305 0.5710737 0.5665695 0.7695429
0 112 6.0 0.7749228 0.3364455 0.4027092 0.45758605 0.5730976
0 113 6.0 0.9991111 0.45927423 0.7254391 0.6360423 0.963781
0 113 6.0 0.9738278 0.83543587 0.8289019 1.0021094 0.99689686
0 113 6.0 0.9660267 0.6128769 0.41050106 0.7691442 0.63523334
0 113 6.0 0.9169482 0.40946636 0.5669009 0.5693728 0.7697286
0 113 6.0 0.788455 0.338637 0.40809947 0.4590538 0.5723459
0 114 6.0 0.9991566 0.46094388 0.7307626 0.63688964 0.96956086
0 114 6.0 0.9896393 0.6136317 0.4140408 0.7724732 0.64052165
0 114 6.0 0.9655874 0.40988994 0.56386644 0.5699967 0.7783678
0 114 6.0 0.95869774 0.8350725 0.83659434 1.0015061 0.99713063
0 114 6.0 0.64575356 0.34164688 0.43493736 0.46728185 0.57541716
0 115 6.0 0.99953306 0.45925742 0.71592647 0.64159185 0.9764896
0 115 6.0 0.9954145 0.6184063 0.41558734 0.77368104 0.64721155
0 115 6.0 0.9776254 0.41162926 0.56991655 0.5720199 0.78221303
0 115 6.0 0.8547556 0.8326186 0.83970594 1.0022086 1.0060669
0 115 6.0 0.73572433 0.34106854 0.427304 0.46160874 0.58200157
0 116 6.0 0.99840826 0.46273544 0.7267599 0.6411448 0.9801518
0 116 6.0 0.99381363 0.6212588 0.41973078 0.7758654 0.65023875
0 116 6.0 0.9387082 0.41291934 0.5788664 0.57150555 0.7725466
0 116 6.0 0.8786431 0.34513175 0.4190156 0.47540194 0.5885423
0 116 6.0 0.80255544 0.83324635 0.844295 1.0015283 1.0093366
0 117 6.0 0.99887913 0.4621134 0.7258966 0.64653456 0.9855287
0 117 6.0 0.99493563 0.6250556 0.4219331 0.77706 0.65121466
0 117 6.0 0.9582616 0.4168613 0.5904746 0.57530886 0.7961303
0 117 6.0 0.8964955 0.8360404 0.8487443 0.9990727 0.99933755
0 117 6.0 0.88888603 0.33672094 0.41749427 0.4648624 0.59225523
0 118 6.0 0.9976071 0.46816468 0.72744316 0.6462929 0.98664516
0 118 6.0 0.9818642 0.6287434 0.42802292 0.7760557 0.6558743
0 118 6.0 0.9513155 0.41636148 0.5826626 0.5707356 0.7983277
0 118 6.0 0.8832693 0.3394443 0.41128182 0.47393528 0.59787655
0 118 6.0 0.7568363 0.8353348 0.8578535 0.99828506 1.0044777
0 119 6.0 0.998705 0.4655612 0.7324206 0.6517183 0.9950157
0 119 6.0 0.9753807 0.6355587 0.43221128 0.7776551 0.6553786
0 119 6.0 0.9492391 0.41680303 0.58522844 0.5710619 0.7974231
0 119 6.0 0.8516265 0.33999264 0.41678786 0.47373807 0.6016114
0 119 6.0 0.6103449 0.8387056 0.86055565 0.99905425 1.0067058
0 120 6.0 0.9971073 0.4678289 0.7363553 0.6511761 0.9907863
0 120 6.0 0.9860956 0.6357634 0.4340304 0.7807566 0.65525687
0 120 6.0 0.9679578 0.41655606 0.58596134 0.5745339 0.8015362
0 120 6.0 0.9347572 0.33759272 0.40924048 0.48022604 0.6057036
0 121 6.0 0.99773175 0.46834856 0.7397542 0.65048105 0.99450517
0 121 6.0 0.98794633 0.63729626 0.4353778 0.78334695 0.6591512
0 121 6.0 0.9867749 0.41967323 0.58652395 0.5779635 0.8056981
0 121 6.0 0.9635267 0.3416767 0.41023415 0.48029095 0.6067646
0 122 6.0 0.9977744 0.47184297 0.7378782 0.6500263 0.99242604
0 122 6.0 0.99632406 0.42180014 0.5857006 0.5835568 0.80996186
0 122 6.0 0.98637146 0.6417605 0.42628005 0.7841756 0.6552686
0 122 6.0 0.94911957 0.34023193 0.41457385 0.47965804 0.60676795
0 123 6.0 0.995707 0.4744211 0.75245255 0.64988714 0.99559003
0 123 6.0 0.9922848 0.42111754 0.5914681 0.58650494 0.816494
0 123 6.0 0.9907822 0.64086014 0.4294335 0.78411204 0.65620506
0 123 6.0 0.95097524 0.33853358 0.41664737 0.47973663 0.6098198
0 123 6.0 0.5339103 0.24735029 0.2519663 0.32842225 0.33506042
0 124 6.0 0.99403 0.42160735 0.5984937 0.5849874 0.8161682
0 124 6.0 0.9921051 0.6460507 0.4331441 0.7870908 0.66139126
0 124 6.0 0.98263997 0.47285005 0.7661029 0.6521783 0.9957185
0 124 6.0 0.91505826 0.33693838 0.41484392 0.4808113 0.6147456
0 125 5.0 0.54077375 0.6416727 0.43225646 0.7929762 0.6619648
0 125 6.0 0.9833204 0.4783253 0.7650736 0.65289074 0.9977918
0 125 6.0 0.9601874 0.6462235 0.44092193 0.7904807 0.6686981
0 125 6.0 0.93526065 0.42561278 0.60756373 0.583568 0.80776405
0 125 6.0 0.9030558 0.33862972 0.4175494 0.48324007 0.61888593
0 125 6.0 0.54800224 0.24150677 0.24835667 0.32813698 0.3346589
0 126 5.0 0.61855555 0.6468391 0.43523327 0.7949932 0.66538215
0 126 6.0 0.9840925 0.42573285 0.6123244 0.5867312 0.8281539
0 126 6.0 0.97830725 0.48163274 0.76683116 0.65458953 1.0010488
0 126 6.0 0.9282282 0.6516346 0.4406644 0.7953166 0.6615493
0 126 6.0 0.8686234 0.3366763 0.43345505 0.47273815 0.62253994
0 126 6.0 0.5406697 0.23985411 0.2448921 0.33206233 0.33674943
0 127 5.0 0.6913124 0.64579344 0.439336 0.7972523 0.66989714
0 127 6.0 0.9945486 0.4269371 0.60802627 0.58701193 0.83746004
0 127 6.0 0.9830656 0.47801313 0.77129 0.65995085 1.0056243
0 127 6.0 0.9581306 0.64893043 0.4464333 0.798121 0.6680263
0 127 6.0 0.88870084 0.33499768 0.43053198 0.47802892 0.6240524
0 127 6.0 0.55787677 0.24087702 0.24921523 0.33098197 0.337328
0 128 6.0 0.9978417 0.64993864 0.44454083 0.7982932 0.6773882
0 128 6.0 0.9906742 0.42748356 0.61778224 0.58968306 0.837155
0 128 6.0 0.93220717 0.47976696 0.77974576 0.662689 1.006319
0 128 6.0 0.9024262 0.34089112 0.44166046 0.48775005 0.624415
0 128 6.0 0.54514176 0.2423603 0.25191775 0.32866573 0.33647683
0 129 6.0 0.9937039 0.42944348 0.6222581 0.59294426 0.840645
0 129 6.0 0.9923889 0.64841866 0.4494914 0.8049896 0.68117654
0 129 6.0 0.97606224 0.47872674 0.7848463 0.66168594 1.0045849
0 129 6.0 0.8938263 0.33875626 0.4402606 0.48840785 0.6286054
0 129 6.0 0.51339126 0.23588617 0.25106514 0.32698 0.33363837
0 130 6.0 0.99671704 0.42689538 0.62079406 0.5853852 0.8591355
0 130 6.0 0.9922643 0.649937 0.44938222 0.80955 0.6844804
0 130 6.0 0.96923995 0.48224616 0.79198223 0.66317 1.0026939
0 130 6.0 0.968599 0.33798528 0.43306172 0.4917392 0.6340498
0 131 6.0 0.99366015 0.42988575 0.6242654 0.5883293 0.8625172
0 131 6.0 0.9811708 0.48539498 0.7952309 0.66219795 0.99779576
0 131 6.0 0.976404 0.33599073 0.4302045 0.49234462 0.6403191
0 131 6.0 0.9581266 0.652074 0.45857954 0.8060076 0.69609857
0 132 5.0 0.61237395 0.6573146 0.45678508 0.8042616 0.68190587
0 132 6.0 0.988566 0.42917764 0.6255936 0.58637357 0.8698582
0 132 6.0 0.98333573 0.4862919 0.7981034 0.6638341 0.99753016
0 132 6.0 0.9729442 0.3415208 0.43214595 0.4927528 0.63877153
0 132 6.0 0.8048966 0.6557553 0.45643622 0.80865633 0.6912504
0 132 6.0 0.51924205 0.23016682 0.24273483 0.32880536 0.3345488
0 133 6.0 0.99804175 0.4312775 0.63213474 0.5924835 0.8753317
0 133 6.0 0.97815657 0.48618922 0.7986193 0.6641237 0.997875
0 133 6.0 0.93300605 0.3443424 0.4346111 0.49665654 0.64326227
0 133 6.0 0.9141457 0.65658545 0.4601766 0.81177986 0.69630814
0 134 6.0 0.9966474 0.4337309 0.6323866 0.59885675 0.87965685
0 134 6.0 0.98942345 0.3444586 0.43748587 0.49873576 0.64795667
0 134 6.0 0.97916085 0.6621381 0.46547335 0.8140384 0.7016913
0 134 6.0 0.95728475 0.48366752 0.80405 0.66548944 0.99545556
0 135 6.0 0.9975756 0.43577307 0.63152355 0.60129064 0.88376373
0 135 6.0 0.99325013 0.3451673 0.43230385 0.50124633 0.6525876
0 135 6.0 0.9773792 0.66253537 0.46819314 0.81823653 0.703523
0 135 6.0 0.9432604 0.48288015 0.8089307 0.6677749 0.9941401
0 136 6.0 0.9941387 0.43791145 0.63768864 0.60850006 0.8928647
0 136 6.0 0.99203897 0.34483513 0.4342541 0.50533646 0.6528979
0 136 6.0 0.9736545 0.66273624 0.4710113 0.82039446 0.7040559
0 136 6.0 0.8884197 0.47851503 0.8168685 0.6694287 0.9932892
0 137 6.0 0.9885007 0.66391903 0.4746272 0.8237578 0.7047127
0 137 6.0 0.9866421 0.4389029 0.6391608 0.60916597 0.8914028
0 137 6.0 0.98509556 0.34457126 0.43155947 0.50807405 0.6537411
0 137 6.0 0.8686746 0.47747597 0.82375246 0.6792922 0.99655527
0 138 6.0 0.99204755 0.6632971 0.4767217 0.82583565 0.7060241
0 138 6.0 0.99112505 0.34538507 0.43977678 0.5090954 0.6596292
0 138 6.0 0.9890777 0.44049284 0.64259255 0.61676675 0.8963442
0 138 6.0 0.8560614 0.48429224 0.8320398 0.6832449 0.99653107
0 139 6.0 0.99629766 0.34344435 0.44037932 0.5105095 0.6610512
0 139 6.0 0.9814664 0.4435779 0.64996666 0.61147463 0.89961165
0 139 6.0 0.97824436 0.6703951 0.47867215 0.8290083 0.70774806
0 139 6.0 0.8002392 0.4862511 0.836907 0.68401694 0.9980346
0 140 6.0 0.9966325 0.34443906 0.4406832 0.5121776 0.66350573
0 140 6.0 0.97509265 0.439708 0.66106904 0.61533344 0.88911045
0 140 6.0 0.96136814 0.6702492 0.48022014 0.83183587 0.7131873
0 140 6.0 0.909913 0.4861356 0.8434076 0.6860845 1.0001585
0 141 6.0 0.9972806 0.67009526 0.48156163 0.8348654 0.721012
0 141 6.0 0.9941408 0.34662905 0.4427461 0.51065284 0.66752106
0 141 6.0 0.98765093 0.44314307 0.66392374 0.6146237 0.89331293
0 141 6.0 0.8535096 0.48597997 0.846907 0.6912256 1.0007551
0 142 6.0 0.9975241 0.34702206 0.44472498 0.51353717 0.6676747
0 142 6.0 0.992195 0.679117 0.4853011 0.835002 0.72586554
0 142 6.0 0.98480713 0.44420844 0.6707076 0.6209385 0.9022875
0 142 6.0 0.8817714 0.48821843 0.85320646 0.6866406 1.0017632
0 143 6.0 0.9968464 0.3468672 0.4480974 0.5105119 0.6752103
0 143 6.0 0.99089605 0.6801189 0.48692828 0.8362894 0.72579783
0 143 6.0 0.98848385 0.44373548 0.6797742 0.6206205 0.9041074
0 143 6.0 0.88802665 0.48868418 0.85619515 0.68921137 1.0022302
0 143 6.0 0.5788477 0.22606796 0.2466231 0.32785022 0.34022194
0 144 6.0 0.9961404 0.34300467 0.45936805 0.49541536 0.672519
0 144 6.0 0.98892224 0.68345 0.49259564 0.840001 0.7370448
0 144 6.0 0.9681397 0.44595945 0.6891457 0.6227375 0.90107787
0 144 6.0 0.79113495 0.4914521 0.8586128 0.68246937 1.0020268
0 144 6.0 0.6499373 0.23051697 0.2407177 0.33494085 0.34139305
0 145 6.0 0.9961063 0.34241703 0.46016252 0.49694028 0.6760862
0 145 6.0 0.99233985 0.451303 0.68046737 0.62034285 0.9171983
0 145 6.0 0.9896979 0.68442965 0.4972388 0.8473586 0.7419295
0 145 6.0 0.7828036 0.4873664 0.86035615 0.6825776 1.0022613
0 145 6.0 0.6729146 0.22895841 0.24285087 0.3354863 0.33954284
0 146 6.0 0.99481356 0.34409803 0.46347374 0.500419 0.67757434
0 146 6.0 0.9902536 0.44888997 0.68397886 0.6238779 0.91632646
0 146 6.0 0.98477143 0.684954 0.49893636 0.84959525 0.75255567
0 146 6.0 0.72301555 0.4873555 0.85621893 0.6786972 1.0015924
0 146 6.0 0.6582953 0.22265244 0.24184822 0.3382203 0.3400782
0 147 5.0 0.8309282 0.6875982 0.49916142 0.8457041 0.7356923
0 147 6.0 0.9935315 0.34953722 0.46883374 0.50405705 0.68561536
0 147 6.0 0.9860941 0.45493308 0.69665277 0.6217831 0.9341316
0 147 6.0 0.8961201 0.68851095 0.5043096 0.8464468 0.7501231
0 147 6.0 0.68174714 0.22366162 0.2362949 0.33764684 0.3426858
0 147 6.0 0.5538882 0.5064914 0.8781337 0.68306804 1.0063899
0 148 6.0 0.9967018 0.4499059 0.69708943 0.6258679 0.94893277
0 148 6.0 0.9912409 0.34644753 0.46756226 0.5037812 0.68885607
0 148 6.0 0.9859124 0.6897715 0.5077833 0.8545361 0.75426304
0 148 6.0 0.6788535 0.22277339 0.23869671 0.33765852 0.34431705
0 149 6.0 0.99701655 0.6927545 0.51397824 0.856127 0.75717354
0 149 6.0 0.9933495 0.3486918 0.46559244 0.5058704 0.6958466
0 149 6.0 0.98648304 0.45995814 0.7049557 0.6376539 0.94998133
0 149 6.0 0.66685617 0.22355784 0.23355365 0.34090477 0.34499353
0 150 6.0 0.9975037 0.455112 0.7031778 0.6388688 0.973819
0 150 6.0 0.9956215 0.35102662 0.47527722 0.5069831 0.6974015
0 150 6.0 0.9716823 0.6981487 0.5147496 0.8574356 0.7583533
0 150 6.0 0.66678715 0.22447257 0.23177713 0.33972597 0.34283698
0 151 5.0 0.6320625 0.69934624 0.52539504 0.8591029 0.75548804
0 151 6.0 0.9982717 0.3516824 0.47217593 0.5079062 0.7036624
0 151 6.0 0.995344 0.45791227 0.6978359 0.64411837 0.97549546
0 151 6.0 0.7170893 0.2260758 0.23295751 0.33848026 0.3449231
0 151 6.0 0.6352875 0.7005379 0.5180116 0.859499 0.76215166
0 152 5.0 0.6327734 0.70231867 0.5239938 0.857679 0.7589242
0 152 6.0 0.9984749 0.35424352 0.47444463 0.50963455 0.7046119
0 152 6.0 0.99842787 0.46155512 0.70994055 0.64223695 0.98165977
0 152 6.0 0.63854754 0.22288543 0.23728056 0.3368132 0.3476561
0 152 6.0 0.53199303 0.70228505 0.51955914 0.85805404 0.76604366
0 153 6.0 0.9981571 0.3559855 0.47498354 0.5118332 0.709809
0 153 6.0 0.9973074 0.462706 0.71445566 0.6418612 0.9752467
0 153 6.0 0.75020677 0.70278853 0.5179837 0.8656302 0.772529
0 153 6.0 0.63219804 0.22175941 0.24236171 0.3375406 0.34808627
0 154 6.0 0.9989569 0.35978234 0.4786078 0.51106423 0.70997226
0 154 6.0 0.9960892 0.4604983 0.7176745 0.6454767 0.97905946
0 154 6.0 0.9195014 0.70381427 0.5245786 0.8665397 0.7681738
0 154 6.0 0.67826533 0.2234703 0.23950945 0.33716795 0.3496785
0 155 6.0 0.99940896 0.36259767 0.4815629 0.5120478 0.7137075
0 155 6.0 0.99103045 0.46892554 0.72325206 0.6461846 0.9837719
0 155 6.0 0.9825517 0.7114284 0.5302637 0.8700094 0.7696361
0 155 6.0 0.679633 0.22429717 0.239599 0.33851898 0.3492175
0 156 6.0 0.9994461 0.3653573 0.48160645 0.5171253 0.7150866
0 156 6.0 0.99580836 0.46843126 0.72289586 0.65402704 0.9829582
0 156 6.0 0.953854 0.71032137 0.53184986 0.8703932 0.77748585
0 156 6.0 0.7062286 0.22532347 0.24349761 0.33865276 0.3480838
0 157 6.0 0.99963224 0.36529148 0.48476595 0.5164738 0.71836776
0 157 6.0 0.99587387 0.46818224 0.7288512 0.6500514 0.98562694
0 157 6.0 0.9688343 0.7096274 0.5344161 0.8725569 0.78243625
0 157 6.0 0.6763494 0.22449169 0.24539419 0.3377051 0.3444588
0 158 6.0 0.9998388 0.36399573 0.48580283 0.5192156 0.724979
0 158 6.0 0.99656135 0.46998256 0.73130625 0.655438 0.98496336
0 158 6.0 0.9716303 0.70885223 0.5368905 0.8762328 0.79033494
0 158 6.0 0.6471396 0.22406662 0.24585876 0.33857965 0.34550437
0 159 6.0 0.9997794 0.36607784 0.48998642 0.5213782 0.72870684
0 159 6.0 0.99535275 0.70715415 0.5396869 0.8814224 0.7964473
0 159 6.0 0.99514514 0.47328165 0.7408859 0.6604848 0.9928288
0 159 6.0 0.6035814 0.22270942 0.24980567 0.3410924 0.35141763
0 160 6.0 0.99979526 0.3681162 0.49187544 0.52149755 0.7402179
0 160 6.0 0.9956512 0.70886654 0.5437435 0.8846603 0.80099094
0 160 6.0 0.9841891 0.47465852 0.7500339 0.6569247 0.98865265
0 160 6.0 0.65187645 0.22771215 0.2523337 0.33963835 0.3511914
0 161 6.0 0.9998859 0.36776286 0.4904238 0.5231938 0.74746466
0 161 6.0 0.99619836 0.47606182 0.75362414 0.65213346 0.9898562
0 161 6.0 0.9915639 0.71025836 0.5445489 0.8861439 0.8014037
0 161 6.0 0.7277054 0.2275243 0.2523974 0.33925694 0.34950885
0 162 6.0 0.999713 0.36698198 0.49453068 0.52478534 0.7552582
0 162 6.0 0.99853957 0.47231668 0.75547445 0.65127105 0.9962777
0 162 6.0 0.9945076 0.713069 0.5493252 0.88966125 0.80581737
0 162 6.0 0.78399175 0.22481434 0.2513722 0.33907273 0.35438958
0 163 6.0 0.9990872 0.36909583 0.50260687 0.5265424 0.75925434
0 163 6.0 0.9952819 0.47383273 0.7633678 0.6516944 0.993217
0 163 6.0 0.9937151 0.71565056 0.55277175 0.8919623 0.80682033
0 163 6.0 0.7984767 0.22417541 0.2507648 0.34105366 0.35753483
0 164 6.0 0.9988488 0.36822522 0.51058304 0.5304188 0.7637565
0 164 6.0 0.99810815 0.47565696 0.7726437 0.6498616 0.99597156
0 164 6.0 0.9489473 0.72016895 0.5606933 0.8934512 0.8139973
0 164 6.0 0.7875566 0.22629377 0.2543945 0.3423141 0.35601
0 165 6.0 0.9985442 0.36447722 0.50596213 0.5286728 0.7581551
0 165 6.0 0.9972421 0.47723344 0.78030777 0.6494266 0.9941343
0 165 6.0 0.9676627 0.7219543 0.57557297 0.8984602 0.8151083
0 165 6.0 0.8036722 0.22698337 0.25593117 0.34175128 0.35381076
0 166 6.0 0.9988933 0.47703916 0.7856289 0.65427953 0.9981272
0 166 6.0 0.99880147 0.37132642 0.5172725 0.5283038 0.7601539
0 166 6.0 0.9408698 0.7237888 0.5807458 0.9008612 0.82440305
0 166 6.0 0.7710051 0.22712195 0.25669593 0.34024316 0.3603109
0 167 5.0 0.5872207 0.72650385 0.580737 0.90879 0.82884884
0 167 6.0 0.9993017 0.36879516 0.51805896 0.53137964 0.76424366
0 167 6.0 0.99717987 0.47784048 0.7941118 0.6562237 1.0003076
0 167 6.0 0.76929575 0.72642154 0.57773834 0.9062434 0.8395303
0 167 6.0 0.7483195 0.22814538 0.25904843 0.3401144 0.36098108
0 168 5.0 0.827145 0.724267 0.5758975 0.9097421 0.83919984
0 168 6.0 0.99873513 0.369161 0.52093965 0.53246564 0.76799506
0 168 6.0 0.9976794 0.47613084 0.79890203 0.6563753 0.9999689
0 168 6.0 0.76383984 0.2289421 0.25817809 0.3417796 0.36052564
0 168 6.0 0.538406 0.7271057 0.5833072 0.908279 0.84391886
0 169 5.0 0.51710033 0.7259288 0.5855812 0.9127811 0.8365841
0 169 6.0 0.99950886 0.36985058 0.5262975 0.53292114 0.77301496
0 169 6.0 0.9854946 0.4741549 0.80389106 0.6588704 1.001731
0 169 6.0 0.889059 0.7308221 0.58206433 0.9111277 0.8427555
0 169 6.0 0.7309721 0.23008999 0.26113147 0.34282652 0.35638875
0 170 5.0 0.86124843 0.73672414 0.59116715 0.91593516 0.8479126
0 170 6.0 0.999549 0.37064397 0.5251505 0.5403557 0.7759746
0 170 6.0 0.9852572 0.47560966 0.79732853 0.6606828 1.0004625
0 170 6.0 0.68408626 0.2301048 0.25910404 0.34194916 0.35864648
0 170 6.0 0.5096142 0.7376314 0.5865252 0.9140541 0.84598625
0 171 5.0 0.8466869 0.7370524 0.5946843 0.9203586 0.8512196
0 171 6.0 0.9996723 0.37086898 0.5289036 0.5351519 0.77679694
0 171 6.0 0.9947048 0.4756608 0.80434257 0.65685785 1.0014943
0 171 6.0 0.69952613 0.7388849 0.58864987 0.91586244 0.85001075
0 171 6.0 0.6617307 0.23122525 0.25899702 0.34161413 0.3620873
0 172 6.0 0.9998204 0.37101582 0.529019 0.5383438 0.79166234
0 172 6.0 0.99285865 0.47512704 0.81381166 0.65580744 1.0015541
0 172 6.0 0.94340754 0.7379036 0.59180725 0.92386174 0.86062
0 172 6.0 0.65029603 0.2327041 0.26041287 0.34386808 0.36127645
0 173 6.0 0.99978095 0.37451762 0.5304927 0.540303 0.7884987
0 173 6.0 0.9909567 0.4761555 0.8248879 0.6567268 1.0016207
0 173 6.0 0.9449325 0.7425929 0.592667 0.9223663 0.86048484
0 173 6.0 0.6180284 0.23402971 0.26100224 0.343266 0.36100125
0 174 6.0 0.9998503 0.37913075 0.5325947 0.5395217 0.79379654
0 174 6.0 0.9810667 0.476668 0.82874113 0.6601808 1.0005198
0 174 6.0 0.9324225 0.7438888 0.598905 0.9242193 0.8572729
0 174 6.0 0.58518374 0.2343966 0.2564991 0.3419917 0.3617435
0 175 6.0 0.9998411 0.3806103 0.53739196 0.5396061 0.8040157
0 175 6.0 0.9759856 0.7458014 0.6042558 0.9264992 0.86245096
0 175 6.0 0.9748853 0.4756899 0.8350187 0.66168404 1.0023609
0 175 6.0 0.5721521 0.23562908 0.2578807 0.34122366 0.36102843
0 176 6.0 0.9997764 0.37855276 0.54284304 0.5398936 0.80547005
0 176 6.0 0.98229235 0.46980613 0.84193957 0.6660047 1.0035949
0 176 6.0 0.9685536 0.750141 0.61509603 0.92712784 0.86871034
0 176 6.0 0.62286186 0.23310265 0.25542316 0.34485093 0.3617383
0 177 6.0 0.99955374 0.38096488 0.54556274 0.54075325 0.8140718
0 177 6.0 0.9797617 0.47047186 0.84681827 0.6710267 1.0044663
0 177 6.0 0.707571 0.7525067 0.6173276 0.93861157 0.87730324
0 177 6.0 0.5993993 0.23463187 0.2597527 0.34561017 0.36198705
0 178 6.0 0.9989837 0.38228354 0.55047387 0.5397012 0.8198593
0 178 6.0 0.95015395 0.48098463 0.8536236 0.6791503 1.0025337
0 178 6.0 0.7469951 0.7558628 0.6226187 0.93383247 0.8832742
0 178 6.0 0.5665811 0.23320627 0.25456563 0.34872687 0.36481383
0 179 6.0 0.9975688 0.3808537 0.56102836 0.55171984 0.81822765
0 179 6.0 0.9542355 0.48294842 0.85334015 0.6770296 1.002812
0 179 6.0 0.83118564 0.7627122 0.6263583 0.9445258 0.88744366
0 179 6.0 0.58883876 0.23362395 0.25302944 0.3473294 0.36359832
0 180 6.0 0.9985286 0.38074848 0.56642824 0.5501991 0.8234895
0 180 6.0 0.93716586 0.4824701 0.8596561 0.67776924 1.0014453
0 180 6.0 0.8987125 0.7658318 0.63114953 0.95214105 0.89068663
0 180 6.0 0.5717657 0.23635775 0.25655463 0.3441745 0.36366972
0 181 6.0 0.9985886 0.38311094 0.5655735 0.55127424 0.82290334
0 181 6.0 0.94906735 0.767892 0.63593525 0.9567944 0.8968701
0 181 6.0 0.91126186 0.4764532 0.86219263 0.6834043 1.0033277
0 181 6.0 0.5256727 0.23785423 0.2592988 0.34261617 0.36313826
0 182 6.0 0.99741673 0.38248682 0.56695503 0.5586155 0.82873863
0 182 6.0 0.98295456 0.7671375 0.6374186 0.96072567 0.89943004
0 182 6.0 0.7480375 0.48527572 0.86220706 0.6849747 1.0015074
0 182 6.0 0.5665443 0.23664573 0.25498265 0.34569392 0.3631857
0 183 6.0 0.9984542 0.38206455 0.5680167 0.5589631 0.8315969
0 183 6.0 0.941665 0.769819 0.64027464 0.96430624 0.8984542
0 183 6.0 0.65604466 0.23658259 0.25076532 0.34897944 0.36192936
0 184 6.0 0.9986362 0.38374904 0.571915 0.56031847 0.833417
0 184 6.0 0.96220315 0.7724607 0.6420565 0.96490014 0.90789443
0 184 6.0 0.5421149 0.23923135 0.24848326 0.3467571 0.3632238
0 185 6.0 0.9991302 0.38798007 0.5712214 0.5588466 0.8401473
0 185 6.0 0.9827387 0.7728617 0.64278 0.9697778 0.91019696
0 186 6.0 0.99857557 0.38339186 0.5807905 0.55840605 0.8499912
0 186 6.0 0.97097594 0.77608764 0.6471137 0.9710157 0.9114059
0 187 6.0 0.99858785 0.38226447 0.58216935 0.559307 0.85758024
0 187 6.0 0.9850912 0.7738423 0.64881974 0.97252554 0.9236812
0 188 6.0 0.9994578 0.38758498 0.58574814 0.5632893 0.86427325
0 188 6.0 0.9649907 0.77970135 0.65195674 0.9749124 0.93470925
0 189 6.0 0.9992913 0.38503677 0.5895594 0.56254244 0.86802167
0 189 6.0 0.96099204 0.7785339 0.6597726 0.97639793 0.94530827
0 190 6.0 0.9992919 0.38761014 0.5914864 0.56557375 0.8711888
0 190 6.0 0.92151207 0.7802243 0.6644318 0.9761505 0.945508
0 191 6.0 0.9993567 0.38837296 0.5938157 0.57084817 0.88297033
0 191 6.0 0.7935605 0.78318596 0.67666876 0.97931814 0.951489
0 192 5.0 0.552793 0.78528017 0.6607392 0.9792771 0.9653919
0 192 6.0 0.9982199 0.3884672 0.60226655 0.57217664 0.8750688
0 192 6.0 0.7876784 0.78323364 0.68233615 0.98107946 0.9654086
0 193 6.0 0.999027 0.38782397 0.60548055 0.5737263 0.88183165
0 193 6.0 0.9876853 0.781463 0.67920476 0.99829495 0.96885663
0 194 6.0 0.9996511 0.38647747 0.61135215 0.5741577 0.8880989
0 194 6.0 0.90738654 0.7831077 0.69252264 0.99171656 0.96924114
0 195 6.0 0.9998679 0.38754138 0.6123843 0.57452047 0.901281
0 195 6.0 0.94590145 0.7915558 0.6929637 0.9905525 0.97114575
0 196 6.0 0.99986315 0.38975468 0.61640656 0.5780049 0.9055439
0 196 6.0 0.9121751 0.79254705 0.69171125 0.9936306 0.9801797
0 197 6.0 0.9999317 0.39301354 0.621392 0.5761347 0.9004936
0 197 6.0 0.957928 0.7899266 0.6953453 0.9989926 0.9869231
0 198 6.0 0.99992144 0.3926828 0.62268627 0.58221895 0.9022325
0 198 6.0 0.9566494 0.79789734 0.7000466 0.99853885 0.9873764
0 199 6.0 0.99989355 0.3943388 0.6258211 0.5803925 0.904495
0 199 6.0 0.9469837 0.8076184 0.7042209 0.99990845 0.9948367
0 200 6.0 0.9998566 0.39989337 0.6290412 0.58053935 0.91849136
0 200 6.0 0.97425824 0.80886596 0.7055025 1.0001514 0.9941344
0 201 6.0 0.99979764 0.39828697 0.63351834 0.5843951 0.92433596
0 201 6.0 0.96829903 0.8104365 0.7086338 0.99958754 0.99165714
0 202 6.0 0.9997496 0.40005362 0.63848424 0.5851024 0.94009936
0 202 6.0 0.9743887 0.8115214 0.7202828 0.9982109 0.9939208
0 203 6.0 0.99932635 0.39031613 0.64482284 0.5861651 0.93561566
0 203 6.0 0.9750012 0.81496346 0.72352374 0.99788666 0.99401116
0 204 6.0 0.99954456 0.38966745 0.64901304 0.58607036 0.949358
0 204 6.0 0.96477383 0.81767726 0.7304307 0.9978969 0.99588656
0 205 6.0 0.9998864 0.39608258 0.6531734 0.5880263 0.9566712
0 205 6.0 0.9620302 0.82015747 0.73777854 0.99627024 1.0014759
0 206 6.0 0.99969864 0.398495 0.6659045 0.58839244 0.9567882
0 206 6.0 0.97297716 0.82486886 0.739646 0.99622506 1.0009565
0 207 6.0 0.9994369 0.39604497 0.6674221 0.59010094 0.9560893
0 207 6.0 0.987212 0.82990193 0.7397623 0.9954848 1.0006233
0 208 6.0 0.9994568 0.4028981 0.66786295 0.59164673 0.9603029
0 208 6.0 0.9851031 0.83177584 0.74704146 0.9964915 0.99791324
0 209 6.0 0.9994081 0.40605104 0.67456657 0.5996375 0.97015005
0 209 6.0 0.97318214 0.8336811 0.74667317 0.996132 1.0015352
0 210 6.0 0.99948275 0.40563434 0.6761842 0.5982223 0.9812665
0 210 6.0 0.9857232 0.83821714 0.7552356 0.9953215 1.004149
0 211 6.0 0.99914217 0.4085306 0.6795756 0.6007873 0.98355085
0 211 6.0 0.968919 0.8431961 0.7580362 0.9947434 1.0018661
0 212 6.0 0.99958664 0.41186163 0.6831652 0.6019349 0.99065864
0 212 6.0 0.94151545 0.84329766 0.7634056 0.99582845 1.0084267
0 213 6.0 0.99954706 0.41671318 0.7035317 0.6045874 0.98794276
0 213 6.0 0.94774973 0.8413421 0.7689891 0.99697673 1.0062139
0 214 6.0 0.99960095 0.4137196 0.7046612 0.60490507 0.99239236
0 214 6.0 0.9387334 0.8428116 0.7787626 0.9962212 1.0046017
0 215 6.0 0.9998481 0.41624674 0.7077023 0.6057509 0.9928216
0 215 6.0 0.9504501 0.84384745 0.78176105 0.99671 1.0044683
0 215 6.0 0.5341862 0.2839925 0.2627332 0.3965095 0.4015164
0 216 6.0 0.9998485 0.41629478 0.7097527 0.6072292 0.99243975
0 216 6.0 0.96278983 0.84978473 0.7927514 0.99645245 1.0031971
0 216 6.0 0.5446922 0.284939 0.25997588 0.3982764 0.40575656
0 217 6.0 0.9998047 0.4152259 0.71572363 0.60757166 0.9911927
0 217 6.0 0.98964953 0.85073066 0.80041903 0.9971138 1.0028579
0 217 6.0 0.5016239 0.28825605 0.2638209 0.39639127 0.40124875
0 218 6.0 0.9996793 0.4201935 0.722759 0.61344784 0.98762655
0 218 6.0 0.97833556 0.85576195 0.8064059 0.99634415 1.0094423
0 218 6.0 0.699299 0.2866394 0.25778437 0.4023049 0.4077919
0 219 6.0 0.9996618 0.41812 0.7278969 0.61306655 0.98965216
0 219 6.0 0.94640774 0.8640926 0.8077656 0.9965571 1.0131245
0 219 6.0 0.7493379 0.28501862 0.25657594 0.40452033 0.40992773
0 220 6.0 0.999632 0.42013997 0.7284612 0.61161464 0.98488015
0 220 6.0 0.95125985 0.86377215 0.8128306 0.9943718 1.014086
0 220 6.0 0.6444034 0.28634846 0.25776485 0.40245998 0.4087735
0 221 6.0 0.9986273 0.42027226 0.73023593 0.6133964 0.98385334
0 221 6.0 0.9320565 0.86482334 0.8134883 0.993803 1.013573
0 221 6.0 0.7462196 0.2862419 0.25496605 0.402336 0.41116783
0 222 6.0 0.998602 0.41864192 0.73322797 0.62188077 0.98530066
0 222 6.0 0.8908523 0.86133546 0.8168678 0.9947718 1.0112745
0 222 6.0 0.636629 0.29057893 0.2604898 0.40337643 0.4080669
0 223 6.0 0.9980147 0.4219065 0.7371978 0.6280284 0.9869035
0 223 6.0 0.7076652 0.8666912 0.81773865 0.99482244 1.015342
0 223 6.0 0.6773212 0.2906919 0.2607708 0.40350467 0.41007203
0 224 6.0 0.9946095 0.42228502 0.7477187 0.62606484 0.9906777
0 224 6.0 0.7078512 0.28992897 0.26257762 0.40291417 0.41432324
0 224 6.0 0.58637166 0.87211865 0.8365884 0.99851876 0.99726033
0 225 6.0 0.99619615 0.424724 0.7528577 0.62875354 0.9939991
0 225 6.0 0.7008272 0.2902901 0.25904262 0.40355137 0.41473746
0 225 6.0 0.62839293 0.8747452 0.843537 0.99945325 0.99442196
0 226 6.0 0.9969062 0.42471084 0.7586063 0.63019276 0.9899787
0 226 6.0 0.7954095 0.86695147 0.84705323 1.0013001 1.0025852
0 226 6.0 0.56374407 0.2904609 0.26072466 0.40329567 0.4125417
0 227 6.0 0.9980519 0.42409486 0.7660642 0.6327973 0.99139255
0 227 6.0 0.79974335 0.8730492 0.8503384 1.0037817 1.0038525
0 227 6.0 0.6183068 0.29064023 0.25567073 0.40515137 0.420267
0 228 6.0 0.99762326 0.42661625 0.7723473 0.6347006 0.9920712
0 228 6.0 0.7351918 0.87360644 0.85406387 1.004585 1.0036701
0 228 6.0 0.536628 0.29219684 0.26210457 0.4045501 0.41947085
0 229 6.0 0.9986866 0.43010402 0.7787254 0.6360198 0.9936913
0 229 6.0 0.57202786 0.8824981 0.8598687 1.0021176 1.0011957
0 229 6.0 0.5289231 0.29092544 0.2656474 0.4057436 0.41659576
0 230 6.0 0.9971367 0.4274671 0.7873752 0.63995016 0.9976746
0 230 6.0 0.5654169 0.28436333 0.26932994 0.4103995 0.43346325
0 231 6.0 0.99371886 0.42528754 0.79335386 0.6440155 0.99493665
0 232 6.0 0.9889416 0.4299677 0.7934088 0.6451642 0.99699754
0 232 6.0 0.525657 0.2864093 0.2718544 0.41101655 0.43875468
0 233 6.0 0.9935969 0.42729914 0.7951183 0.6436044 0.99778384
0 233 6.0 0.5905793 0.2861516 0.27904075 0.41603708 0.43509734
0 234 6.0 0.9947423 0.42960763 0.8021546 0.64657927 0.9948277
0 235 6.0 0.99549025 0.42437688 0.810663 0.64865863 0.995837
0 235 6.0 0.51108027 0.29451248 0.28240687 0.41577014 0.43726593
0 236 6.0 0.99372053 0.42711473 0.8168422 0.6508424 0.9940634
0 236 6.0 0.5556498 0.29495826 0.28249806 0.41867104 0.43969202
0 237 6.0 0.9871832 0.43047366 0.8248195 0.6477606 0.9938546
0 237 6.0 0.7213638 0.29805034 0.26734254 0.42144275 0.441367
0 238 6.0 0.9864226 0.431434 0.8293322 0.6505593 0.994512
0 239 6.0 0.95497465 0.43108284 0.83220094 0.6527077 0.9916342
0 240 6.0 0.9696367 0.42172214 0.8384611 0.655549 0.99836284
0 240 6.0 0.62681615 0.2969111 0.28202164 0.42445847 0.44393015
0 241 6.0 0.9783572 0.43217242 0.84615463 0.66148424 0.9998018
0 241 6.0 0.59587765 0.2996322 0.27844784 0.4253682 0.44138023
0 242 6.0 0.9883559 0.43722787 0.849654 0.66003126 1.0022156
0 242 6.0 0.70859087 0.29958728 0.2801458 0.42522278 0.44699553
0 243 6.0 0.98351145 0.44082716 0.85691154 0.6564845 1.0019114
0 244 6.0 0.95719945 0.4373669 0.8601488 0.66090137 1.0039104
0 245 6.0 0.712111 0.43881315 0.8655631 0.65786546 1.0040127
0 246 6.0 0.6443869 0.4409067 0.8673893 0.6622532 1.0046091
0 247 6.0 0.51457924 0.4406519 0.8729986 0.6796644 1.0066046
0 248 6.0 0.52780753 0.2981481 0.31344247 0.4261948 0.45521265
0 249 6.0 0.52519274 0.29974508 0.3060717 0.42623842 0.45603102
0 250 6.0 0.5039523 0.30671027 0.30766082 0.43073437 0.45703954
