0 1 6.0 0.99609375 0.44799805 0.7988281 0.63671875 0.99902344
0 1 6.0 0.9921875 0.6254883 0.4165039 0.7729492 0.6118164
0 1 6.0 0.99121094 0.41088867 0.52441406 0.5649414 0.7285156
0 1 6.0 0.76123047 0.46289062 0.27392578 0.5800781 0.42236328
0 1 6.0 0.5439453 0.32421875 0.37646484 0.4560547 0.5336914
0 1 6.0 0.5097656 0.23937988 0.29003906 0.33935547 0.39404297
0 2 6.0 0.9951172 0.4482422 0.8017578 0.6386719 0.99902344
0 2 6.0 0.9941406 0.6328125 0.42382812 0.7783203 0.6201172
0 2 6.0 0.9941406 0.41186523 0.52978516 0.56689453 0.72998047
0 2 6.0 0.75097656 0.46411133 0.2758789 0.5805664 0.42382812
0 2 6.0 0.7182617 0.3244629 0.37548828 0.45874023 0.53564453
0 3 6.0 0.9951172 0.63183594 0.42407227 0.78027344 0.62353516
0 3 6.0 0.9951172 0.4152832 0.53515625 0.56933594 0.73339844
0 3 6.0 0.9951172 0.4489746 0.7973633 0.63623047 0.9995117
0 3 6.0 0.7524414 0.32470703 0.3798828 0.46142578 0.53808594
0 3 6.0 0.7006836 0.46606445 0.27685547 0.5839844 0.4243164
0 3 6.0 0.53125 0.15734863 0.265625 0.23034668 0.32861328
0 4 6.0 0.9951172 0.63623047 0.42895508 0.7817383 0.6274414
0 4 6.0 0.9951172 0.4169922 0.53808594 0.5698242 0.7421875
0 4 6.0 0.99316406 0.4477539 0.80126953 0.63623047 0.9995117
0 4 6.0 0.7446289 0.46728516 0.27734375 0.5854492 0.42578125
0 4 6.0 0.73046875 0.32641602 0.37890625 0.46166992 0.5390625
0 4 6.0 0.55810547 0.1529541 0.26293945 0.23205566 0.33129883
0 4 6.0 0.5048828 0.23754883 0.2854004 0.34301758 0.3972168
0 5 6.0 0.99609375 0.6328125 0.42993164 0.78125 0.6274414
0 5 6.0 0.9951172 0.44604492 0.8076172 0.6425781 1.0009766
0 5 6.0 0.9921875 0.42016602 0.5415039 0.5708008 0.74560547
0 5 6.0 0.76660156 0.46923828 0.2775879 0.58935547 0.42651367
0 5 6.0 0.6748047 0.32958984 0.3828125 0.46777344 0.53515625
0 5 6.0 0.5839844 0.1538086 0.26245117 0.22729492 0.3293457
0 5 6.0 0.50634766 0.2388916 0.27929688 0.34375 0.39648438
0 6 6.0 0.99609375 0.6357422 0.43530273 0.7832031 0.63378906
0 6 6.0 0.9941406 0.41992188 0.5361328 0.56884766 0.7480469
0 6 6.0 0.9892578 0.44213867 0.8144531 0.6386719 0.9980469
0 6 6.0 0.73339844 0.32885742 0.3828125 0.46704102 0.53808594
0 6 6.0 0.60595703 0.47094727 0.28076172 0.5913086 0.42382812
0 6 6.0 0.57421875 0.15283203 0.26464844 0.22241211 0.3310547
0 6 6.0 0.5048828 0.23852539 0.2788086 0.3449707 0.39746094
0 7 6.0 0.99609375 0.41992188 0.53515625 0.57177734 0.7558594
0 7 6.0 0.9951172 0.6333008 0.4345703 0.7836914 0.64453125
0 7 6.0 0.9838867 0.43896484 0.82177734 0.64208984 0.99853516
0 7 6.0 0.7631836 0.328125 0.3840332 0.46972656 0.5336914
0 7 6.0 0.5883789 0.4729004 0.28515625 0.59472656 0.42626953
0 7 6.0 0.54248047 0.15527344 0.26123047 0.2277832 0.3310547
0 7 6.0 0.5332031 0.23608398 0.27905273 0.3449707 0.39819336
0 8 6.0 0.9980469 0.42089844 0.5415039 0.57373047 0.75927734
0 8 6.0 0.9941406 0.63671875 0.44140625 0.78515625 0.6484375
0 8 6.0 0.96972656 0.4399414 0.8300781 0.64697266 0.99902344
0 8 6.0 0.75683594 0.3293457 0.38085938 0.4724121 0.5332031
0 8 6.0 0.55322266 0.2331543 0.27685547 0.34594727 0.3984375
0 8 6.0 0.5151367 0.15222168 0.25756836 0.22937012 0.3322754
0 8 6.0 0.50439453 0.4736328 0.2836914 0.59472656 0.4248047
0 9 6.0 0.99902344 0.42163086 0.5419922 0.5751953 0.7597656
0 9 6.0 0.9951172 0.6425781 0.4453125 0.7871094 0.64746094
0 9 6.0 0.984375 0.43798828 0.8359375 0.64990234 1.0009766
0 9 6.0 0.78222656 0.3305664 0.3798828 0.47314453 0.5366211
0 9 6.0 0.53759766 0.23461914 0.2775879 0.3449707 0.40014648
0 9 6.0 0.5175781 0.15332031 0.26049805 0.22827148 0.33325195
0 10 6.0 0.99902344 0.42114258 0.55029297 0.57421875 0.76904297
0 10 6.0 0.9941406 0.6435547 0.43945312 0.7910156 0.6386719
0 10 6.0 0.96875 0.43603516 0.84277344 0.6557617 1.0029297
0 10 6.0 0.74853516 0.3322754 0.39111328 0.47436523 0.53466797
0 10 6.0 0.51123047 0.15625 0.26098633 0.23339844 0.3317871
0 10 6.0 0.5029297 0.23632812 0.28295898 0.34472656 0.39624023
0 11 6.0 0.99902344 0.42163086 0.54541016 0.5776367 0.7758789
0 11 6.0 0.9980469 0.6464844 0.44189453 0.7939453 0.64404297
0 11 6.0 0.96875 0.43481445 0.8515625 0.65625 1.0078125
0 11 6.0 0.7553711 0.33447266 0.41601562 0.47314453 0.56640625
0 11 6.0 0.53515625 0.15405273 0.25976562 0.23339844 0.33154297
0 12 6.0 0.99902344 0.64453125 0.44384766 0.7949219 0.6489258
0 12 6.0 0.99902344 0.42285156 0.5493164 0.57714844 0.77490234
0 12 6.0 0.9589844 0.4350586 0.8544922 0.65478516 1.0117188
0 12 6.0 0.7524414 0.33496094 0.41235352 0.47265625 0.5654297
0 12 6.0 0.5097656 0.15698242 0.25927734 0.2331543 0.32861328
0 13 6.0 1.0 0.6484375 0.44580078 0.7998047 0.6508789
0 13 6.0 0.99902344 0.42358398 0.55371094 0.57958984 0.7792969
0 13 6.0 0.9267578 0.43652344 0.8569336 0.64941406 1.0087891
0 13 6.0 0.8183594 0.33642578 0.41064453 0.47558594 0.56640625
0 13 6.0 0.5493164 0.15576172 0.2578125 0.23339844 0.32958984
0 14 6.0 1.0 0.6489258 0.4482422 0.7993164 0.6513672
0 14 6.0 0.9980469 0.4248047 0.5522461 0.57910156 0.7807617
0 14 6.0 0.9248047 0.43554688 0.8613281 0.65722656 1.0087891
0 14 6.0 0.7558594 0.3383789 0.42211914 0.47802734 0.5678711
0 14 6.0 0.5629883 0.15283203 0.25317383 0.234375 0.33032227
0 15 6.0 0.99902344 0.6503906 0.44726562 0.8027344 0.6542969
0 15 6.0 0.9980469 0.4243164 0.56103516 0.58447266 0.78466797
0 15 6.0 0.8496094 0.44311523 0.8618164 0.65234375 1.0039062
0 15 6.0 0.7158203 0.34301758 0.4194336 0.48120117 0.5673828
0 15 6.0 0.62841797 0.15063477 0.2553711 0.23364258 0.33203125
0 16 6.0 1.0 0.6513672 0.44970703 0.8017578 0.65771484
0 16 6.0 0.99902344 0.4267578 0.56933594 0.5859375 0.79296875
0 16 6.0 0.8310547 0.33862305 0.41577148 0.48266602 0.5732422
0 16 6.0 0.7211914 0.44750977 0.8647461 0.65283203 1.0019531
0 16 6.0 0.65722656 0.33691406 0.3564453 0.4736328 0.4736328
0 16 6.0 0.5883789 0.15319824 0.25341797 0.23181152 0.3310547
0 17 6.0 1.0 0.6533203 0.45043945 0.8046875 0.66064453
0 17 6.0 0.99902344 0.42651367 0.5751953 0.5878906 0.7988281
0 17 6.0 0.8432617 0.33862305 0.4194336 0.48364258 0.5727539
0 17 6.0 0.6582031 0.46044922 0.8676758 0.6586914 1.0029297
0 17 6.0 0.5600586 0.33666992 0.35986328 0.46899414 0.47021484
0 17 6.0 0.52685547 0.15478516 0.2536621 0.23144531 0.33081055
0 18 6.0 1.0 0.65527344 0.45483398 0.8105469 0.66796875
0 18 6.0 0.99902344 0.4272461 0.58203125 0.59033203 0.7998047
0 18 6.0 0.8730469 0.34204102 0.41259766 0.4831543 0.57421875
0 18 6.0 0.5209961 0.4555664 0.8798828 0.6567383 1.0078125
0 19 6.0 1.0 0.65722656 0.45751953 0.8144531 0.67041016
0 19 6.0 0.9970703 0.43139648 0.58691406 0.58984375 0.80566406
0 19 6.0 0.7553711 0.34570312 0.42626953 0.4873047 0.57470703
0 19 6.0 0.55126953 0.15686035 0.25097656 0.23449707 0.32958984
0 20 6.0 0.99902344 0.65966797 0.46240234 0.81591797 0.6743164
0 20 6.0 0.99902344 0.42822266 0.5834961 0.5942383 0.8051758
0 20 6.0 0.7597656 0.34375 0.42773438 0.48583984 0.578125
0 20 6.0 0.5336914 0.15454102 0.2475586 0.23291016 0.32958984
0 21 6.0 0.99902344 0.4267578 0.5839844 0.59472656 0.8095703
0 21 6.0 0.9980469 0.6591797 0.46044922 0.81933594 0.67626953
0 21 6.0 0.6411133 0.34375 0.42749023 0.48828125 0.5751953
0 21 6.0 0.53808594 0.48779297 0.29638672 0.6098633 0.4580078
0 21 6.0 0.5083008 0.15710449 0.25048828 0.23205566 0.32861328
0 22 6.0 0.99902344 0.43408203 0.5839844 0.59716797 0.8125
0 22 6.0 0.9951172 0.66015625 0.45898438 0.8183594 0.68066406
0 22 6.0 0.7338867 0.34521484 0.43725586 0.4873047 0.5800781
0 22 6.0 0.5366211 0.1586914 0.25219727 0.23168945 0.32836914
0 23 6.0 0.99902344 0.4375 0.5854492 0.5966797 0.82177734
0 23 6.0 0.9902344 0.6591797 0.46289062 0.8183594 0.6767578
0 23 6.0 0.74658203 0.34765625 0.42700195 0.49169922 0.58203125
0 23 6.0 0.6386719 0.15405273 0.24291992 0.23510742 0.33032227
0 23 6.0 0.5463867 0.49536133 0.29760742 0.6118164 0.45629883
0 24 6.0 0.99902344 0.43896484 0.58447266 0.59814453 0.8256836
0 24 6.0 0.9873047 0.66308594 0.46557617 0.8232422 0.6875
0 24 6.0 0.67578125 0.3479004 0.4267578 0.49194336 0.578125
0 24 6.0 0.58447266 0.15588379 0.24414062 0.23425293 0.32958984
0 24 6.0 0.5800781 0.49487305 0.29614258 0.61376953 0.4567871
0 24 6.0 0.55908203 0.34692383 0.38134766 0.4855957 0.5029297
0 25 6.0 0.9980469 0.44140625 0.5864258 0.6015625 0.8305664
0 25 6.0 0.9921875 0.66748047 0.46679688 0.82666016 0.6933594
0 25 6.0 0.6323242 0.15466309 0.24279785 0.23400879 0.32958984
0 25 6.0 0.59375 0.3491211 0.4345703 0.48876953 0.5761719
0 25 6.0 0.54296875 0.34570312 0.36669922 0.47998047 0.4741211
0 26 6.0 0.9980469 0.6665039 0.46728516 0.8276367 0.6958008
0 26 6.0 0.9970703 0.4399414 0.5932617 0.6010742 0.83447266
0 26 6.0 0.6621094 0.15539551 0.24353027 0.23522949 0.32910156
0 26 6.0 0.6230469 0.35107422 0.42822266 0.4921875 0.57958984
0 26 6.0 0.5917969 0.5 0.2993164 0.6152344 0.4555664
0 26 6.0 0.53515625 0.34960938 0.38085938 0.4873047 0.50341797
0 27 6.0 0.9970703 0.4399414 0.60253906 0.6020508 0.8388672
0 27 6.0 0.99316406 0.67041016 0.46728516 0.82958984 0.6958008
0 27 6.0 0.65185547 0.15661621 0.2487793 0.23669434 0.3293457
0 27 6.0 0.6230469 0.35107422 0.4333496 0.49316406 0.5854492
0 28 6.0 0.99609375 0.67041016 0.47485352 0.8305664 0.6982422
0 28 6.0 0.9863281 0.44604492 0.60546875 0.6020508 0.8466797
0 28 6.0 0.65478516 0.15661621 0.24584961 0.23840332 0.32983398
0 28 6.0 0.5683594 0.3491211 0.4272461 0.49414062 0.57958984
0 28 6.0 0.55078125 0.3491211 0.38623047 0.4892578 0.50878906
0 28 6.0 0.52734375 0.5029297 0.3034668 0.6142578 0.4567871
0 29 6.0 0.9980469 0.6738281 0.48046875 0.8339844 0.7001953
0 29 6.0 0.98535156 0.44311523 0.6113281 0.60253906 0.8564453
0 29 6.0 0.7011719 0.15478516 0.24523926 0.23876953 0.33007812
0 29 6.0 0.5317383 0.5024414 0.30273438 0.61572266 0.45703125
0 30 6.0 0.9980469 0.67626953 0.48608398 0.83935547 0.7026367
0 30 6.0 0.99121094 0.44702148 0.6230469 0.609375 0.8564453
0 30 6.0 0.6870117 0.15612793 0.2479248 0.23718262 0.32910156
0 31 6.0 0.9970703 0.4482422 0.62597656 0.6123047 0.859375
0 31 6.0 0.9951172 0.68115234 0.48779297 0.84033203 0.7036133
0 31 6.0 0.6328125 0.15686035 0.24914551 0.23571777 0.32861328
0 31 6.0 0.61376953 0.36108398 0.46484375 0.5058594 0.6201172
0 31 6.0 0.5498047 0.50341797 0.30273438 0.6166992 0.4580078
0 32 6.0 0.9970703 0.6816406 0.48779297 0.8417969 0.70947266
0 32 6.0 0.9951172 0.44873047 0.6303711 0.6147461 0.86083984
0 32 6.0 0.7368164 0.3569336 0.46166992 0.5048828 0.6220703
0 32 6.0 0.6381836 0.15698242 0.2475586 0.2368164 0.3305664
0 32 6.0 0.5439453 0.5029297 0.30517578 0.61816406 0.46142578
0 32 6.0 0.5175781 0.3466797 0.38183594 0.4897461 0.5083008
0 33 6.0 0.9980469 0.68408203 0.49731445 0.84228516 0.71484375
0 33 6.0 0.9970703 0.44921875 0.6279297 0.6152344 0.86621094
0 33 6.0 0.7602539 0.35913086 0.4621582 0.5053711 0.625
0 33 6.0 0.64208984 0.15991211 0.25 0.23535156 0.32861328
0 33 6.0 0.61572266 0.5029297 0.30249023 0.6201172 0.46264648
0 34 6.0 0.99902344 0.4489746 0.6298828 0.6196289 0.87597656
0 34 6.0 0.9980469 0.6850586 0.49975586 0.8432617 0.71484375
0 34 6.0 0.7709961 0.36645508 0.46411133 0.5097656 0.62402344
0 34 6.0 0.68359375 0.5019531 0.30151367 0.6220703 0.46606445
0 34 6.0 0.59521484 0.16210938 0.25048828 0.23486328 0.32763672
0 35 6.0 0.99902344 0.4501953 0.63183594 0.6201172 0.88183594
0 35 6.0 0.9980469 0.68652344 0.5019531 0.8466797 0.7207031
0 35 6.0 0.64746094 0.36547852 0.4663086 0.50878906 0.6254883
0 35 6.0 0.6147461 0.15686035 0.24731445 0.2376709 0.3293457
0 35 6.0 0.51416016 0.50390625 0.30419922 0.62109375 0.46728516
0 36 6.0 0.99902344 0.453125 0.63378906 0.62109375 0.88671875
0 36 6.0 0.9970703 0.69091797 0.5097656 0.8491211 0.7236328
0 36 6.0 0.8251953 0.36987305 0.46606445 0.5102539 0.6274414
0 36 6.0 0.640625 0.50341797 0.30029297 0.62939453 0.46240234
0 36 6.0 0.57666016 0.16149902 0.24890137 0.23693848 0.32861328
0 36 6.0 0.5371094 0.3486328 0.3798828 0.4892578 0.5131836
0 37 6.0 0.99902344 0.69189453 0.51123047 0.8540039 0.7260742
0 37 6.0 0.99902344 0.45239258 0.6386719 0.62402344 0.890625
0 37 6.0 0.75146484 0.37182617 0.4675293 0.5131836 0.62890625
0 37 6.0 0.7211914 0.5024414 0.3005371 0.6303711 0.4650879
0 37 6.0 0.55078125 0.1640625 0.24926758 0.23608398 0.32739258
0 38 6.0 0.9980469 0.69628906 0.51416016 0.85546875 0.7270508
0 38 6.0 0.9980469 0.44628906 0.6435547 0.625 0.9003906
0 38 6.0 0.7998047 0.50683594 0.30126953 0.63378906 0.46679688
0 38 6.0 0.5996094 0.3701172 0.46557617 0.51220703 0.6303711
0 38 6.0 0.58496094 0.16516113 0.24902344 0.23669434 0.32714844
0 38 6.0 0.53466797 0.34570312 0.37548828 0.48632812 0.5151367
0 39 6.0 0.99902344 0.4477539 0.64746094 0.62841797 0.9091797
0 39 6.0 0.99609375 0.6958008 0.5205078 0.8598633 0.73535156
0 39 6.0 0.8051758 0.3696289 0.46679688 0.5131836 0.63671875
0 39 6.0 0.7626953 0.51220703 0.3022461 0.63623047 0.47070312
0 39 6.0 0.62109375 0.16662598 0.2536621 0.23669434 0.32739258
0 40 6.0 0.99902344 0.45092773 0.65625 0.62841797 0.9121094
0 40 6.0 0.99609375 0.6953125 0.5209961 0.86035156 0.7446289
0 40 6.0 0.8769531 0.36621094 0.4711914 0.515625 0.6411133
0 40 6.0 0.83740234 0.5126953 0.3022461 0.640625 0.47509766
0 40 6.0 0.6425781 0.16601562 0.25439453 0.23632812 0.32714844
0 41 6.0 0.9980469 0.6982422 0.5234375 0.859375 0.7529297
0 41 6.0 0.9970703 0.45507812 0.66552734 0.6328125 0.9067383
0 41 6.0 0.9375 0.5136719 0.30004883 0.6435547 0.48364258
0 41 6.0 0.8911133 0.3720703 0.4699707 0.5185547 0.64697266
0 41 6.0 0.64501953 0.16711426 0.25317383 0.23620605 0.32592773
0 42 6.0 0.9980469 0.69873047 0.5229492 0.86083984 0.76123047
0 42 6.0 0.9970703 0.45410156 0.6689453 0.6298828 0.9169922
0 42 6.0 0.95947266 0.51171875 0.30151367 0.64746094 0.48266602
0 42 6.0 0.88134766 0.38256836 0.47192383 0.52246094 0.64746094
0 42 6.0 0.67041016 0.16577148 0.2536621 0.23632812 0.32641602
0 43 6.0 0.99902344 0.7026367 0.5239258 0.86572266 0.7495117
0 43 6.0 0.9980469 0.4572754 0.6767578 0.6328125 0.921875
0 43 6.0 0.9248047 0.38085938 0.4729004 0.52246094 0.65185547
0 43 6.0 0.9160156 0.51660156 0.3017578 0.64941406 0.48339844
0 43 6.0 0.6767578 0.16271973 0.24902344 0.2376709 0.32714844
0 44 6.0 0.99902344 0.7050781 0.5253906 0.8652344 0.7529297
0 44 6.0 0.9980469 0.45703125 0.6821289 0.6357422 0.93310547
0 44 6.0 0.92578125 0.3786621 0.47607422 0.52441406 0.65283203
0 44 6.0 0.8828125 0.5175781 0.3022461 0.6503906 0.48242188
0 44 6.0 0.6850586 0.16223145 0.24743652 0.23864746 0.32714844
0 45 6.0 0.99902344 0.45703125 0.6845703 0.6376953 0.93847656
0 45 6.0 0.9980469 0.7109375 0.5307617 0.86816406 0.75439453
0 45 6.0 0.9267578 0.51464844 0.30029297 0.6376953 0.48242188
0 45 6.0 0.9223633 0.38183594 0.4790039 0.52441406 0.65283203
0 45 6.0 0.67333984 0.16516113 0.25048828 0.23669434 0.3251953
0 46 6.0 0.99902344 0.46142578 0.68847656 0.6411133 0.9453125
0 46 6.0 0.9980469 0.7114258 0.5371094 0.87158203 0.7626953
0 46 6.0 0.9658203 0.38085938 0.47998047 0.52685547 0.6616211
0 46 6.0 0.93359375 0.51660156 0.3005371 0.640625 0.48608398
0 46 6.0 0.65283203 0.16625977 0.24743652 0.23706055 0.32470703
0 47 6.0 0.99902344 0.71240234 0.53808594 0.8774414 0.7675781
0 47 6.0 0.99902344 0.45922852 0.69140625 0.640625 0.95214844
0 47 6.0 0.9760742 0.3828125 0.4802246 0.5288086 0.6621094
0 47 6.0 0.9165039 0.51708984 0.3005371 0.6411133 0.4855957
0 47 6.0 0.6176758 0.16577148 0.25097656 0.23754883 0.3256836
0 48 6.0 0.99902344 0.46069336 0.69677734 0.64453125 0.95751953
0 48 6.0 0.9970703 0.71191406 0.53564453 0.8769531 0.77490234
0 48 6.0 0.9790039 0.37939453 0.4790039 0.5317383 0.66064453
0 48 6.0 0.9448242 0.51660156 0.30273438 0.6425781 0.4873047
0 48 6.0 0.6323242 0.16442871 0.2512207 0.2388916 0.32739258
0 49 6.0 0.9970703 0.71240234 0.5419922 0.8803711 0.78125
0 49 6.0 0.99609375 0.4663086 0.7011719 0.64501953 0.9628906
0 49 6.0 0.9614258 0.5161133 0.30371094 0.64404297 0.4892578
0 49 6.0 0.9394531 0.3798828 0.47973633 0.53222656 0.66308594
0 49 6.0 0.5913086 0.16540527 0.25048828 0.23718262 0.3256836
0 50 6.0 0.99902344 0.46533203 0.7011719 0.64208984 0.9580078
0 50 6.0 0.9970703 0.7109375 0.55078125 0.8847656 0.7841797
0 50 6.0 0.96875 0.3876953 0.5048828 0.53808594 0.6796875
0 50 6.0 0.9453125 0.5180664 0.30688477 0.64501953 0.4885254
0 50 6.0 0.58496094 0.16662598 0.24841309 0.2364502 0.32421875
0 51 6.0 0.9980469 0.7114258 0.5522461 0.8852539 0.78759766
0 51 6.0 0.9970703 0.47021484 0.70654297 0.64404297 0.97216797
0 51 6.0 0.9614258 0.38793945 0.50146484 0.54003906 0.6801758
0 51 6.0 0.9560547 0.51953125 0.30786133 0.64746094 0.48999023
0 51 6.0 0.6044922 0.16699219 0.24768066 0.23730469 0.32250977
0 52 6.0 0.9980469 0.71191406 0.5605469 0.88964844 0.7939453
0 52 6.0 0.9980469 0.47021484 0.71777344 0.64501953 0.9765625
0 52 6.0 0.97802734 0.39160156 0.5 0.5444336 0.6855469
0 52 6.0 0.95166016 0.5229492 0.30810547 0.6489258 0.48876953
0 52 6.0 0.61572266 0.16748047 0.24804688 0.23730469 0.3227539
0 53 6.0 0.99902344 0.7138672 0.56396484 0.8935547 0.7963867
0 53 6.0 0.99902344 0.47070312 0.7236328 0.64746094 0.9785156
0 53 6.0 0.9819336 0.3918457 0.50146484 0.54589844 0.6870117
0 53 6.0 0.9716797 0.5239258 0.3083496 0.65185547 0.49291992
0 53 6.0 0.58251953 0.16870117 0.25073242 0.23608398 0.32202148
0 53 6.0 0.5019531 0.2944336 0.31835938 0.3955078 0.46191406
0 54 6.0 0.99902344 0.7167969 0.5644531 0.89453125 0.8017578
0 54 6.0 0.99902344 0.46899414 0.7294922 0.6479492 0.98828125
0 54 6.0 0.9970703 0.39086914 0.50146484 0.55078125 0.6928711
0 54 6.0 0.98095703 0.5253906 0.31030273 0.6533203 0.49243164
0 54 6.0 0.5205078 0.16906738 0.25195312 0.23571777 0.32226562
0 55 6.0 0.99902344 0.7182617 0.5756836 0.89697266 0.80322266
0 55 6.0 0.99902344 0.47021484 0.7314453 0.65283203 0.98828125
0 55 6.0 0.9970703 0.3935547 0.49804688 0.55371094 0.6982422
0 55 6.0 0.9819336 0.52441406 0.31445312 0.65527344 0.4970703
0 55 6.0 0.51660156 0.2956543 0.32202148 0.3996582 0.4645996
0 56 6.0 0.99902344 0.47265625 0.7324219 0.64941406 0.9902344
0 56 6.0 0.9970703 0.71875 0.5776367 0.89746094 0.8051758
0 56 6.0 0.99316406 0.39379883 0.50097656 0.55371094 0.6972656
0 56 6.0 0.98291016 0.5253906 0.31298828 0.6582031 0.50097656
0 56 6.0 0.5283203 0.16967773 0.24890137 0.23657227 0.32104492
0 57 6.0 0.99902344 0.71875 0.5786133 0.8984375 0.8100586
0 57 6.0 0.99902344 0.47753906 0.7421875 0.6484375 0.99121094
0 57 6.0 0.9902344 0.3930664 0.50390625 0.5551758 0.703125
0 57 6.0 0.97802734 0.5341797 0.32080078 0.66308594 0.5058594
0 57 6.0 0.53271484 0.17163086 0.24853516 0.23583984 0.3178711
0 57 6.0 0.5292969 0.29638672 0.31347656 0.40185547 0.46484375
0 58 6.0 0.99902344 0.72216797 0.57910156 0.8989258 0.81347656
0 58 6.0 0.99902344 0.47851562 0.7416992 0.64746094 0.9897461
0 58 6.0 0.98828125 0.39379883 0.5078125 0.5566406 0.70703125
0 58 6.0 0.9741211 0.5361328 0.32495117 0.6640625 0.50683594
0 58 6.0 0.5805664 0.36694336 0.43920898 0.52246094 0.57421875
0 58 6.0 0.52734375 0.17224121 0.24743652 0.23571777 0.31762695
0 58 6.0 0.5024414 0.2944336 0.3112793 0.40429688 0.4675293
0 59 6.0 0.99902344 0.7270508 0.58203125 0.90185547 0.8183594
0 59 6.0 0.9980469 0.47802734 0.7451172 0.65478516 0.9921875
0 59 6.0 0.9790039 0.3930664 0.5053711 0.5600586 0.7104492
0 59 6.0 0.96533203 0.5390625 0.32763672 0.6660156 0.50878906
0 60 6.0 0.99902344 0.7314453 0.5878906 0.9082031 0.82714844
0 60 6.0 0.99902344 0.4807129 0.74902344 0.65234375 0.99609375
0 60 6.0 0.9716797 0.39501953 0.5083008 0.5605469 0.71240234
0 60 6.0 0.9633789 0.5439453 0.32958984 0.6660156 0.5102539
0 60 6.0 0.5390625 0.34326172 0.43017578 0.4794922 0.59033203
0 61 6.0 0.99902344 0.7338867 0.5883789 0.91259766 0.8354492
0 61 6.0 0.99902344 0.48291016 0.7548828 0.65283203 0.9980469
0 61 6.0 0.9536133 0.39404297 0.5097656 0.5600586 0.71972656
0 61 6.0 0.9472656 0.5444336 0.3330078 0.66845703 0.51171875
0 61 6.0 0.60498047 0.3635254 0.4404297 0.51904297 0.5859375
0 62 6.0 0.99902344 0.48339844 0.76708984 0.6542969 0.9995117
0 62 6.0 0.9980469 0.73583984 0.59375 0.91552734 0.8378906
0 62 6.0 0.9790039 0.39941406 0.5209961 0.5605469 0.7182617
0 62 6.0 0.9526367 0.5488281 0.33642578 0.6689453 0.51220703
0 63 6.0 0.9980469 0.73535156 0.59765625 0.9160156 0.8417969
0 63 6.0 0.9970703 0.48608398 0.7709961 0.65722656 0.9975586
0 63 6.0 0.9716797 0.40063477 0.52783203 0.56347656 0.72509766
0 63 6.0 0.9506836 0.54833984 0.33984375 0.67041016 0.5151367
0 64 6.0 0.9980469 0.7363281 0.6040039 0.9199219 0.8491211
0 64 6.0 0.99316406 0.484375 0.7841797 0.6621094 0.9941406
0 64 6.0 0.96875 0.4020996 0.5263672 0.5644531 0.72558594
0 64 6.0 0.9326172 0.5498047 0.33691406 0.671875 0.5185547
0 64 6.0 0.5131836 0.1685791 0.24389648 0.23864746 0.32250977
0 65 6.0 0.99902344 0.7421875 0.6074219 0.92089844 0.85546875
0 65 6.0 0.99121094 0.48486328 0.78759766 0.6665039 0.99365234
0 65 6.0 0.9707031 0.4050293 0.53808594 0.56396484 0.7373047
0 65 6.0 0.9536133 0.55126953 0.3359375 0.67333984 0.52197266
0 65 6.0 0.5263672 0.16796875 0.24230957 0.24023438 0.32421875
0 66 6.0 0.99902344 0.7451172 0.61621094 0.921875 0.8535156
0 66 6.0 0.9863281 0.40527344 0.53222656 0.5683594 0.7402344
0 66 6.0 0.98095703 0.48486328 0.7963867 0.6635742 0.99560547
0 66 6.0 0.9199219 0.55126953 0.33813477 0.6743164 0.5234375
0 67 6.0 0.99902344 0.74365234 0.62060547 0.9223633 0.8569336
0 67 6.0 0.99316406 0.50097656 0.79589844 0.6738281 1.0009766
0 67 6.0 0.9770508 0.4086914 0.5371094 0.5673828 0.7421875
0 67 6.0 0.93359375 0.5517578 0.34155273 0.67578125 0.5258789
0 68 6.0 0.99609375 0.7446289 0.6230469 0.9243164 0.86328125
0 68 6.0 0.99121094 0.49414062 0.7993164 0.68066406 1.0
0 68 6.0 0.9863281 0.41259766 0.5415039 0.5703125 0.74658203
0 68 6.0 0.86865234 0.55322266 0.3413086 0.6772461 0.52783203
0 69 6.0 0.9970703 0.7480469 0.62890625 0.9238281 0.8652344
0 69 6.0 0.9951172 0.49682617 0.80566406 0.6816406 1.0009766
0 69 6.0 0.9863281 0.41186523 0.5439453 0.57177734 0.74902344
0 69 6.0 0.93408203 0.55322266 0.34692383 0.6791992 0.53027344
0 69 6.0 0.5810547 0.3540039 0.47509766 0.48388672 0.6323242
0 70 6.0 0.99609375 0.50146484 0.80859375 0.68115234 1.0
0 70 6.0 0.99316406 0.7446289 0.6254883 0.9291992 0.8725586
0 70 6.0 0.99121094 0.41357422 0.5473633 0.5703125 0.75439453
0 70 6.0 0.81640625 0.5546875 0.34716797 0.6845703 0.53027344
0 70 6.0 0.56933594 0.35595703 0.48095703 0.4814453 0.6323242
0 70 6.0 0.5253906 0.30371094 0.33007812 0.41796875 0.48291016
0 71 6.0 0.9970703 0.5004883 0.81640625 0.6772461 0.9980469
0 71 6.0 0.99609375 0.4165039 0.54785156 0.57373047 0.75878906
0 71 6.0 0.9951172 0.75390625 0.62646484 0.9355469 0.87646484
0 71 6.0 0.6899414 0.3544922 0.4650879 0.484375 0.63427734
0 71 6.0 0.64746094 0.5546875 0.3461914 0.6845703 0.5317383
0 72 6.0 0.9970703 0.41674805 0.5493164 0.57666016 0.76220703
0 72 6.0 0.9951172 0.4975586 0.8227539 0.6772461 0.99560547
0 72 6.0 0.9921875 0.7548828 0.6323242 0.93652344 0.8852539
0 72 6.0 0.8027344 0.5488281 0.33642578 0.6875 0.53027344
0 72 6.0 0.6694336 0.35717773 0.4675293 0.48168945 0.6352539
0 73 6.0 0.9951172 0.4194336 0.5625 0.5776367 0.7675781
0 73 6.0 0.9951172 0.75097656 0.63183594 0.9433594 0.8925781
0 73 6.0 0.99121094 0.49658203 0.8310547 0.6821289 0.9970703
0 73 6.0 0.9536133 0.5566406 0.3413086 0.6972656 0.5288086
0 73 6.0 0.6479492 0.35620117 0.48388672 0.47827148 0.6411133
0 74 6.0 0.9970703 0.41992188 0.55908203 0.578125 0.77490234
0 74 6.0 0.99609375 0.76220703 0.6411133 0.9506836 0.9008789
0 74 6.0 0.9902344 0.5605469 0.3408203 0.7001953 0.5332031
0 74 6.0 0.9892578 0.5004883 0.84033203 0.6850586 1.0009766
0 74 6.0 0.68408203 0.3557129 0.4699707 0.48413086 0.64453125
0 75 6.0 0.9951172 0.7602539 0.64208984 0.9536133 0.90478516
0 75 6.0 0.99121094 0.4206543 0.5673828 0.578125 0.7753906
0 75 6.0 0.9863281 0.49951172 0.8442383 0.68896484 1.0019531
0 75 6.0 0.984375 0.5644531 0.34375 0.7011719 0.53271484
0 75 6.0 0.5991211 0.3557129 0.4831543 0.4802246 0.6435547
0 75 6.0 0.5649414 0.30737305 0.33764648 0.42700195 0.49389648
0 76 6.0 0.9970703 0.7661133 0.64746094 0.95947266 0.9042969
0 76 6.0 0.99316406 0.42333984 0.5703125 0.5805664 0.78125
0 76 6.0 0.9716797 0.4975586 0.8491211 0.69189453 1.0009766
0 76 6.0 0.96875 0.55566406 0.33984375 0.6875 0.5366211
0 76 6.0 0.69677734 0.3527832 0.48510742 0.48364258 0.64746094
0 77 6.0 0.99902344 0.76708984 0.6586914 0.9604492 0.9067383
0 77 6.0 0.99316406 0.42578125 0.5810547 0.58203125 0.78515625
0 77 6.0 0.9790039 0.49731445 0.8520508 0.69921875 1.0019531
0 77 6.0 0.96533203 0.5571289 0.3413086 0.6899414 0.53759766
0 77 6.0 0.68066406 0.37109375 0.4975586 0.50439453 0.64697266
0 78 6.0 0.9980469 0.76660156 0.6616211 0.9638672 0.9067383
0 78 6.0 0.99609375 0.42749023 0.5751953 0.5839844 0.78808594
0 78 6.0 0.9790039 0.5600586 0.3400879 0.6928711 0.5415039
0 78 6.0 0.96777344 0.49853516 0.859375 0.70166016 1.0019531
0 78 6.0 0.69091797 0.35424805 0.48339844 0.48657227 0.64941406
0 79 6.0 0.99609375 0.43066406 0.5864258 0.58691406 0.7963867
0 79 6.0 0.9951172 0.76660156 0.6621094 0.96484375 0.92089844
0 79 6.0 0.95166016 0.5004883 0.8623047 0.7026367 1.0019531
0 79 6.0 0.93603516 0.56103516 0.3413086 0.6928711 0.54248047
0 79 6.0 0.6879883 0.3552246 0.48339844 0.48266602 0.64941406
0 80 6.0 0.9970703 0.43041992 0.5854492 0.5859375 0.7973633
0 80 6.0 0.99316406 0.765625 0.6669922 0.9658203 0.93066406
0 80 6.0 0.9633789 0.5620117 0.34423828 0.6958008 0.5419922
0 80 6.0 0.8828125 0.50341797 0.86816406 0.69970703 1.0
0 80 6.0 0.6660156 0.35742188 0.47851562 0.48583984 0.64941406
0 81 6.0 0.9980469 0.43310547 0.58740234 0.5883789 0.7993164
0 81 6.0 0.9970703 0.76660156 0.67822266 0.9736328 0.93310547
0 81 6.0 0.9589844 0.5644531 0.34814453 0.6972656 0.54248047
0 81 6.0 0.8378906 0.50146484 0.87402344 0.6958008 1.0019531
0 81 6.0 0.7763672 0.37304688 0.48583984 0.5078125 0.6508789
0 82 6.0 0.99902344 0.43139648 0.5786133 0.59375 0.80126953
0 82 6.0 0.9970703 0.76904297 0.6791992 0.97509766 0.93896484
0 82 6.0 0.97509766 0.56689453 0.3527832 0.69970703 0.54248047
0 82 6.0 0.8520508 0.36987305 0.4807129 0.50683594 0.65234375
0 82 6.0 0.7788086 0.51171875 0.87939453 0.6972656 1.0019531
0 83 6.0 0.99902344 0.42895508 0.57958984 0.59765625 0.80615234
0 83 6.0 0.99316406 0.76904297 0.6816406 0.97802734 0.9482422
0 83 6.0 0.9604492 0.5683594 0.3515625 0.6982422 0.54541016
0 83 6.0 0.69433594 0.37060547 0.48364258 0.5083008 0.64990234
0 83 6.0 0.5810547 0.5175781 0.8901367 0.6972656 1.0058594
0 84 6.0 1.0 0.43066406 0.5786133 0.5986328 0.8129883
0 84 6.0 0.9941406 0.77246094 0.6870117 0.9824219 0.9526367
0 84 6.0 0.9472656 0.56933594 0.35351562 0.703125 0.5463867
0 84 6.0 0.60009766 0.37426758 0.49291992 0.5029297 0.65234375
0 84 6.0 0.52978516 0.5234375 0.9008789 0.6953125 1.0009766
0 85 6.0 0.99902344 0.43164062 0.58203125 0.6015625 0.8222656
0 85 6.0 0.99121094 0.77734375 0.69140625 0.9824219 0.9609375
0 85 6.0 0.9667969 0.56884766 0.3552246 0.70654297 0.5498047
0 85 6.0 0.79003906 0.37158203 0.4814453 0.5107422 0.6533203
0 85 6.0 0.6152344 0.51904297 0.9057617 0.69384766 1.0019531
0 86 6.0 0.99902344 0.4321289 0.58447266 0.6010742 0.8276367
0 86 6.0 0.99121094 0.7788086 0.6801758 0.98095703 0.9614258
0 86 6.0 0.9589844 0.5703125 0.35986328 0.70996094 0.55322266
0 86 6.0 0.79296875 0.37182617 0.50683594 0.51660156 0.67578125
0 86 6.0 0.53466797 0.52197266 0.91015625 0.6948242 1.0029297
0 86 6.0 0.51464844 0.31933594 0.36791992 0.45263672 0.52246094
0 87 6.0 0.99902344 0.4362793 0.5966797 0.60058594 0.83203125
0 87 6.0 0.99316406 0.78564453 0.68652344 0.9838867 0.9628906
0 87 6.0 0.92089844 0.5810547 0.36621094 0.71484375 0.5605469
0 87 6.0 0.8598633 0.3720703 0.5024414 0.51660156 0.68115234
0 87 6.0 0.6503906 0.31445312 0.36401367 0.453125 0.53027344
0 88 6.0 0.9980469 0.43798828 0.6064453 0.6020508 0.83691406
0 88 6.0 0.9863281 0.7871094 0.69091797 0.9873047 0.9692383
0 88 6.0 0.9589844 0.58447266 0.36938477 0.7182617 0.56347656
0 88 6.0 0.91503906 0.3701172 0.49780273 0.5151367 0.6850586
0 88 6.0 0.54785156 0.31396484 0.37353516 0.45751953 0.5239258
0 89 6.0 0.9970703 0.43920898 0.6035156 0.60058594 0.8388672
0 89 6.0 0.99316406 0.7895508 0.69921875 0.98876953 0.97558594
0 89 6.0 0.96875 0.5854492 0.37060547 0.7192383 0.56591797
0 89 6.0 0.92089844 0.37402344 0.49853516 0.52001953 0.6850586
0 89 6.0 0.6850586 0.31347656 0.36328125 0.45166016 0.5283203
0 90 6.0 0.9951172 0.44140625 0.61035156 0.6015625 0.8417969
0 90 6.0 0.97802734 0.7885742 0.7026367 0.9897461 0.97802734
0 90 6.0 0.9291992 0.58691406 0.36791992 0.7207031 0.56933594
0 90 6.0 0.9223633 0.37573242 0.50927734 0.52490234 0.6899414
0 91 6.0 0.9892578 0.44091797 0.6118164 0.60791016 0.8520508
0 91 6.0 0.98828125 0.7910156 0.71777344 0.99121094 0.9824219
0 91 6.0 0.98095703 0.58935547 0.37036133 0.7211914 0.5703125
0 91 6.0 0.9404297 0.37646484 0.49853516 0.5214844 0.69384766
0 91 6.0 0.5498047 0.3137207 0.37060547 0.4519043 0.53466797
0 92 6.0 0.99316406 0.44482422 0.62109375 0.6088867 0.85253906
0 92 6.0 0.9892578 0.7895508 0.7260742 1.0039062 0.99072266
0 92 6.0 0.98095703 0.58935547 0.3708496 0.7241211 0.5761719
0 92 6.0 0.9453125 0.3779297 0.5097656 0.51904297 0.69921875
0 92 6.0 0.5390625 0.31079102 0.3671875 0.4494629 0.53027344
0 93 6.0 0.9941406 0.44384766 0.6220703 0.61083984 0.85546875
0 93 6.0 0.9921875 0.59228516 0.3774414 0.7270508 0.58251953
0 93 6.0 0.9921875 0.7895508 0.7265625 1.0068359 0.9921875
0 93 6.0 0.9267578 0.3786621 0.5004883 0.5151367 0.70458984
0 94 6.0 0.9980469 0.44628906 0.62402344 0.61328125 0.8642578
0 94 6.0 0.9819336 0.7885742 0.7285156 1.0068359 0.9951172
0 94 6.0 0.9633789 0.5957031 0.38305664 0.7265625 0.5859375
0 94 6.0 0.9038086 0.37597656 0.50927734 0.5180664 0.7026367
0 95 6.0 0.9980469 0.44580078 0.62597656 0.6147461 0.86816406
0 95 6.0 0.9892578 0.79248047 0.7314453 1.0058594 0.9951172
0 95 6.0 0.93359375 0.59521484 0.38427734 0.72802734 0.5991211
0 95 6.0 0.92822266 0.3803711 0.5097656 0.5229492 0.703125
0 95 6.0 0.6669922 0.31640625 0.36523438 0.45166016 0.5395508
0 96 6.0 0.99902344 0.4440918 0.62353516 0.6152344 0.8745117
0 96 6.0 0.99316406 0.79589844 0.73779297 0.99902344 0.99853516
0 96 6.0 0.9453125 0.3857422 0.5185547 0.5288086 0.70410156
0 96 6.0 0.89746094 0.59521484 0.3828125 0.73095703 0.5991211
0 96 6.0 0.73095703 0.31347656 0.3647461 0.4477539 0.53564453
0 97 6.0 0.9970703 0.44580078 0.63134766 0.61572266 0.8803711
0 97 6.0 0.9951172 0.79589844 0.7416992 0.99902344 0.9995117
0 97 6.0 0.92822266 0.5966797 0.38256836 0.7324219 0.60546875
0 97 6.0 0.8701172 0.38232422 0.52734375 0.5180664 0.71191406
0 98 6.0 0.99902344 0.44018555 0.6308594 0.6191406 0.8857422
0 98 6.0 0.9921875 0.80126953 0.74560547 0.99658203 1.0087891
0 98 6.0 0.98828125 0.59814453 0.38134766 0.7348633 0.5878906
0 98 6.0 0.8574219 0.38549805 0.52734375 0.5361328 0.7109375
0 98 6.0 0.5410156 0.3190918 0.37304688 0.44702148 0.5366211
0 99 6.0 0.99902344 0.43945312 0.63134766 0.6201172 0.88916016
0 99 6.0 0.9941406 0.6010742 0.38232422 0.73876953 0.59472656
0 99 6.0 0.98828125 0.80371094 0.75097656 0.99609375 1.0039062
0 99 6.0 0.86572266 0.38867188 0.53222656 0.52490234 0.7236328
0 99 6.0 0.62597656 0.31933594 0.37451172 0.4453125 0.5419922
0 100 6.0 0.99902344 0.4387207 0.63916016 0.625 0.8959961
0 100 6.0 0.9951172 0.8144531 0.75634766 0.9970703 1.0
0 100 6.0 0.9589844 0.5996094 0.38183594 0.7392578 0.5957031
0 100 6.0 0.9277344 0.38867188 0.5229492 0.52978516 0.72509766
0 100 6.0 0.51171875 0.32006836 0.37597656 0.44750977 0.53466797
0 101 6.0 0.99902344 0.43798828 0.6425781 0.62646484 0.9013672
0 101 6.0 0.9951172 0.8183594 0.7636719 0.9970703 0.99609375
0 101 6.0 0.97509766 0.38842773 0.52734375 0.5292969 0.73339844
0 101 6.0 0.9350586 0.60058594 0.38256836 0.7421875 0.5986328
0 101 6.0 0.5048828 0.3232422 0.38500977 0.44873047 0.53515625
0 102 6.0 0.99902344 0.4411621 0.6508789 0.6269531 0.9057617
0 102 6.0 0.99609375 0.81640625 0.77001953 1.0 0.99658203
0 102 6.0 0.9658203 0.6020508 0.38427734 0.74560547 0.5986328
0 102 6.0 0.94921875 0.39233398 0.5239258 0.53466797 0.73583984
0 102 6.0 0.67626953 0.3232422 0.37304688 0.44970703 0.5449219
0 103 6.0 0.99902344 0.4423828 0.6616211 0.63183594 0.91259766
0 103 6.0 0.9921875 0.60546875 0.38500977 0.75 0.60058594
0 103 6.0 0.9921875 0.8173828 0.7734375 0.99609375 0.99316406
0 103 6.0 0.79003906 0.39672852 0.5566406 0.5410156 0.74316406
0 103 6.0 0.5253906 0.32958984 0.38378906 0.44677734 0.5546875
0 104 6.0 1.0 0.44335938 0.66748047 0.63183594 0.9135742
0 104 6.0 0.9838867 0.60839844 0.38623047 0.75 0.60058594
0 104 6.0 0.98095703 0.81884766 0.78125 0.9975586 0.9902344
0 104 6.0 0.75390625 0.40112305 0.57421875 0.5683594 0.74121094
0 105 6.0 0.99902344 0.44091797 0.6645508 0.63134766 0.9213867
0 105 6.0 0.9892578 0.60839844 0.3876953 0.75097656 0.60498047
0 105 6.0 0.984375 0.82128906 0.78222656 0.9980469 0.99121094
0 105 6.0 0.8730469 0.39892578 0.5419922 0.55029297 0.75097656
0 105 6.0 0.6635742 0.33081055 0.39013672 0.4489746 0.5551758
0 106 6.0 0.9980469 0.44189453 0.66796875 0.6333008 0.9355469
0 106 6.0 0.9921875 0.8232422 0.79052734 0.9970703 0.99658203
0 106 6.0 0.984375 0.6123047 0.38989258 0.7558594 0.609375
0 106 6.0 0.86035156 0.39990234 0.54003906 0.5678711 0.7480469
0 106 6.0 0.61376953 0.33325195 0.3852539 0.45141602 0.55810547
0 107 6.0 0.99902344 0.45214844 0.67871094 0.63378906 0.93652344
0 107 6.0 0.99121094 0.8310547 0.79833984 0.99902344 1.0009766
0 107 6.0 0.9589844 0.6113281 0.39233398 0.75683594 0.6123047
0 107 6.0 0.9560547 0.40161133 0.53564453 0.5654297 0.75341797
0 108 6.0 0.99902344 0.45410156 0.6816406 0.6347656 0.9453125
0 108 6.0 0.9892578 0.8286133 0.7998047 1.0019531 1.0019531
0 108 6.0 0.9707031 0.6113281 0.39672852 0.7636719 0.6166992
0 108 6.0 0.9375 0.40112305 0.5488281 0.56347656 0.7558594
0 108 6.0 0.6645508 0.33276367 0.39624023 0.45532227 0.56689453
0 109 6.0 0.99902344 0.45825195 0.69140625 0.6357422 0.94628906
0 109 6.0 0.99121094 0.8354492 0.8066406 1.0019531 1.0019531
0 109 6.0 0.9892578 0.6113281 0.40112305 0.765625 0.6220703
0 109 6.0 0.9614258 0.40185547 0.5439453 0.5649414 0.75097656
0 109 6.0 0.7290039 0.33276367 0.3930664 0.45629883 0.57373047
0 110 6.0 0.99902344 0.45263672 0.6982422 0.63623047 0.9501953
0 110 6.0 0.9902344 0.8388672 0.8095703 1.0019531 1.0009766
0 110 6.0 0.9819336 0.6069336 0.40625 0.7602539 0.6230469
0 110 6.0 0.9580078 0.40478516 0.5576172 0.56689453 0.75
0 110 6.0 0.6455078 0.33569336 0.40698242 0.4572754 0.57470703
0 111 6.0 0.99902344 0.4609375 0.703125 0.63964844 0.953125
0 111 6.0 0.98535156 0.8354492 0.81347656 1.0019531 1.0029297
0 111 6.0 0.97998047 0.6088867 0.4086914 0.7631836 0.62353516
0 111 6.0 0.9550781 0.4033203 0.5595703 0.56591797 0.76171875
0 111 6.0 0.72509766 0.33789062 0.40283203 0.45654297 0.57373047
0 112 6.0 0.99902344 0.46142578 0.70654297 0.6401367 0.9633789
0 112 6.0 0.9838867 0.8388672 0.8227539 1.0029297 0.9975586
0 112 6.0 0.9790039 0.61035156 0.4091797 0.76464844 0.62890625
0 112 6.0 0.90527344 0.40673828 0.57128906 0.56689453 0.76953125
0 112 6.0 0.7636719 0.3359375 0.40185547 0.45751953 0.57373047
0 113 6.0 0.99902344 0.45874023 0.7167969 0.6386719 0.96484375
0 113 6.0 0.9716797 0.8354492 0.8286133 1.0019531 0.9975586
0 113 6.0 0.9667969 0.6123047 0.4104004 0.76953125 0.6357422
0 113 6.0 0.9160156 0.4091797 0.5673828 0.56933594 0.76953125
0 113 6.0 0.7753906 0.33813477 0.40722656 0.45874023 0.5727539
0 114 6.0 0.99902344 0.45898438 0.72558594 0.640625 0.96875
0 114 6.0 0.9892578 0.61328125 0.4140625 0.77246094 0.640625
0 114 6.0 0.96435547 0.40942383 0.5644531 0.5698242 0.7783203
0 114 6.0 0.9550781 0.83496094 0.8364258 1.0019531 0.9975586
0 114 6.0 0.6425781 0.3413086 0.43408203 0.46728516 0.5756836
0 115 6.0 0.99902344 0.46411133 0.72314453 0.640625 0.97802734
0 115 6.0 0.9951172 0.6176758 0.41503906 0.7739258 0.64746094
0 115 6.0 0.9770508 0.41137695 0.5698242 0.5722656 0.7817383
0 115 6.0 0.84472656 0.8330078 0.83984375 1.0029297 1.0068359
0 115 6.0 0.7285156 0.34033203 0.42626953 0.46142578 0.58251953
0 116 6.0 0.9980469 0.4650879 0.7246094 0.6411133 0.9824219
0 116 6.0 0.99316406 0.62060547 0.41967773 0.7758789 0.6508789
0 116 6.0 0.9375 0.41259766 0.57910156 0.57177734 0.77246094
0 116 6.0 0.87158203 0.34423828 0.41870117 0.47509766 0.5888672
0 116 6.0 0.7949219 0.8330078 0.84472656 1.0019531 1.0097656
0 117 6.0 0.99902344 0.46191406 0.72558594 0.6464844 0.98535156
0 117 6.0 0.9951172 0.6245117 0.42138672 0.77685547 0.6508789
0 117 6.0 0.95947266 0.4169922 0.59033203 0.5756836 0.7963867
0 117 6.0 0.88720703 0.8364258 0.8486328 0.9995117 1.0
0 117 6.0 0.8852539 0.3359375 0.41601562 0.46484375 0.59277344
0 118 6.0 0.9970703 0.46972656 0.72558594 0.6464844 0.9892578
0 118 6.0 0.98095703 0.6279297 0.42773438 0.7763672 0.65625
0 118 6.0 0.9506836 0.41625977 0.5830078 0.57128906 0.7988281
0 118 6.0 0.8769531 0.33911133 0.41064453 0.47387695 0.59814453
0 118 6.0 0.7441406 0.8354492 0.8574219 0.99853516 1.0048828
0 119 6.0 0.99902344 0.46557617 0.7319336 0.6513672 0.9946289
0 119 6.0 0.97314453 0.6352539 0.43115234 0.77783203 0.65478516
0 119 6.0 0.94970703 0.41674805 0.5859375 0.57128906 0.79785156
0 119 6.0 0.8408203 0.33984375 0.41674805 0.4736328 0.6015625
0 119 6.0 0.59472656 0.8388672 0.86035156 1.0 1.0068359
0 120 6.0 0.9970703 0.46777344 0.73583984 0.6513672 0.99072266
0 120 6.0 0.98535156 0.6352539 0.4338379 0.7807617 0.6557617
0 120 6.0 0.9667969 0.4165039 0.5864258 0.57470703 0.8022461
0 120 6.0 0.93115234 0.3371582 0.4091797 0.4802246 0.60546875
0 121 6.0 0.9980469 0.46826172 0.7392578 0.6508789 0.9941406
0 121 6.0 0.9873047 0.63671875 0.4350586 0.7832031 0.65966797
0 121 6.0 0.9863281 0.42163086 0.58496094 0.5805664 0.80566406
0 121 6.0 0.96240234 0.3413086 0.41015625 0.47998047 0.6074219
0 122 6.0 0.9980469 0.4716797 0.7373047 0.6503906 0.9921875
0 122 6.0 0.99609375 0.42163086 0.5859375 0.5839844 0.8095703
0 122 6.0 0.98535156 0.64160156 0.42626953 0.7841797 0.6557617
0 122 6.0 0.9453125 0.33984375 0.41430664 0.4794922 0.6069336
0 123 6.0 0.9951172 0.4741211 0.7519531 0.64990234 0.9951172
0 123 6.0 0.9921875 0.42089844 0.5917969 0.58691406 0.81640625
0 123 6.0 0.9902344 0.640625 0.42919922 0.7841797 0.6567383
0 123 6.0 0.94628906 0.33813477 0.4165039 0.47973633 0.6098633
0 123 6.0 0.5229492 0.24731445 0.25097656 0.32885742 0.33496094
0 124 6.0 0.9941406 0.42138672 0.5986328 0.5854492 0.81640625
0 124 6.0 0.99121094 0.6455078 0.43310547 0.7871094 0.6616211
0 124 6.0 0.9819336 0.47265625 0.765625 0.65234375 0.9951172
0 124 6.0 0.9116211 0.33666992 0.41455078 0.4807129 0.6147461
0 125 5.0 0.52197266 0.64160156 0.4326172 0.79296875 0.66308594
0 125 6.0 0.98291016 0.4777832 0.76464844 0.6533203 0.9970703
0 125 6.0 0.95703125 0.6459961 0.44067383 0.79052734 0.6689453
0 125 6.0 0.9350586 0.4255371 0.6069336 0.5839844 0.80810547
0 125 6.0 0.8959961 0.3383789 0.41748047 0.48291016 0.61865234
0 125 6.0 0.5307617 0.24145508 0.24731445 0.32836914 0.3347168
0 126 5.0 0.60302734 0.6464844 0.43554688 0.7949219 0.6660156
0 126 6.0 0.9838867 0.4255371 0.6123047 0.58691406 0.828125
0 126 6.0 0.9770508 0.48095703 0.76660156 0.65478516 1.0009766
0 126 6.0 0.9316406 0.6513672 0.4404297 0.7949219 0.6621094
0 126 6.0 0.85546875 0.33618164 0.4321289 0.4729004 0.6225586
0 126 6.0 0.53515625 0.23986816 0.24365234 0.33251953 0.33691406
0 127 5.0 0.6772461 0.6455078 0.43969727 0.796875 0.67041016
0 127 6.0 0.9941406 0.42700195 0.60839844 0.5878906 0.83691406
0 127 6.0 0.98291016 0.48095703 0.77246094 0.6557617 1.0019531
0 127 6.0 0.9580078 0.6489258 0.4465332 0.79833984 0.6689453
0 127 6.0 0.8769531 0.3347168 0.4296875 0.47827148 0.62402344
0 127 6.0 0.5463867 0.2409668 0.24804688 0.33129883 0.33740234
0 128 6.0 0.9980469 0.64990234 0.44433594 0.79833984 0.6777344
0 128 6.0 0.9902344 0.42749023 0.6176758 0.58984375 0.8364258
0 128 6.0 0.9277344 0.4794922 0.7783203 0.66308594 1.0058594
0 128 6.0 0.8911133 0.34057617 0.4416504 0.48754883 0.625
0 128 6.0 0.53564453 0.24243164 0.2512207 0.32885742 0.33666992
0 129 6.0 0.99316406 0.42919922 0.6220703 0.5932617 0.83984375
0 129 6.0 0.9921875 0.6484375 0.44921875 0.8046875 0.6816406
0 129 6.0 0.97509766 0.47851562 0.78466797 0.6621094 1.0048828
0 129 6.0 0.88134766 0.3383789 0.4399414 0.48828125 0.62841797
0 130 6.0 0.99609375 0.4267578 0.62109375 0.5859375 0.859375
0 130 6.0 0.9921875 0.64941406 0.44921875 0.8095703 0.6845703
0 130 6.0 0.96777344 0.4819336 0.7915039 0.6635742 1.0019531
0 130 6.0 0.96435547 0.33764648 0.4333496 0.49145508 0.63378906
0 131 6.0 0.99316406 0.4296875 0.62402344 0.5888672 0.8623047
0 131 6.0 0.98095703 0.48510742 0.7949219 0.6621094 0.9980469
0 131 6.0 0.97314453 0.33569336 0.43017578 0.49194336 0.6401367
0 131 6.0 0.9589844 0.65185547 0.45874023 0.80615234 0.69677734
0 132 5.0 0.58691406 0.65722656 0.45751953 0.8046875 0.68310547
0 132 6.0 0.98828125 0.42919922 0.62597656 0.58740234 0.8701172
0 132 6.0 0.9819336 0.48608398 0.79785156 0.6640625 0.9980469
0 132 6.0 0.96972656 0.3413086 0.4321289 0.49267578 0.63916016
0 132 6.0 0.80126953 0.65527344 0.45654297 0.80859375 0.69189453
0 132 6.0 0.5102539 0.23046875 0.24194336 0.32910156 0.3347168
0 133 6.0 0.9980469 0.43115234 0.63183594 0.5932617 0.875
0 133 6.0 0.9760742 0.48608398 0.7988281 0.6640625 0.9980469
0 133 6.0 0.92333984 0.34375 0.4345703 0.49658203 0.6435547
0 133 6.0 0.91015625 0.65625 0.45996094 0.8125 0.69628906
0 134 6.0 0.99609375 0.4333496 0.6323242 0.5996094 0.87939453
0 134 6.0 0.9873047 0.34423828 0.43774414 0.49853516 0.6484375
0 134 6.0 0.97802734 0.6621094 0.46606445 0.8144531 0.70214844
0 134 6.0 0.9536133 0.48364258 0.8041992 0.6660156 0.99560547
0 135 6.0 0.9970703 0.43603516 0.63183594 0.6020508 0.88378906
0 135 6.0 0.9921875 0.34472656 0.4321289 0.50097656 0.65283203
0 135 6.0 0.9770508 0.6621094 0.46850586 0.8183594 0.7036133
0 135 6.0 0.9375 0.48266602 0.80908203 0.66796875 0.9946289
0 136 6.0 0.9941406 0.43798828 0.63720703 0.6088867 0.8930664
0 136 6.0 0.9902344 0.34423828 0.43408203 0.5053711 0.65283203
0 136 6.0 0.97265625 0.66259766 0.4716797 0.8208008 0.70410156
0 136 6.0 0.8852539 0.47851562 0.8173828 0.6699219 0.9941406
0 137 6.0 0.98828125 0.6640625 0.47485352 0.82421875 0.7050781
0 137 6.0 0.9863281 0.43896484 0.63964844 0.6098633 0.89160156
0 137 6.0 0.98291016 0.34375 0.43139648 0.5078125 0.6533203
0 137 6.0 0.8613281 0.47753906 0.82421875 0.6796875 0.9970703
0 138 6.0 0.99121094 0.66308594 0.47705078 0.8261719 0.70654297
0 138 6.0 0.9892578 0.34472656 0.43969727 0.50878906 0.65966797
0 138 6.0 0.98828125 0.4404297 0.6425781 0.6171875 0.8964844
0 138 6.0 0.8510742 0.484375 0.83203125 0.68359375 0.99609375
0 139 6.0 0.9951172 0.34277344 0.4404297 0.5102539 0.6611328
0 139 6.0 0.98095703 0.44360352 0.64990234 0.6123047 0.89990234
0 139 6.0 0.9770508 0.6699219 0.47875977 0.82910156 0.7080078
0 139 6.0 0.79541016 0.48657227 0.83691406 0.6845703 0.9980469
0 140 6.0 0.99609375 0.34399414 0.44091797 0.51171875 0.6635742
0 140 6.0 0.9741211 0.43920898 0.66064453 0.6152344 0.88916016
0 140 6.0 0.9589844 0.6699219 0.4807129 0.83203125 0.7138672
0 140 6.0 0.91015625 0.48583984 0.84375 0.68603516 1.0
0 141 6.0 0.9970703 0.6699219 0.4819336 0.83496094 0.7211914
0 141 6.0 0.99316406 0.3461914 0.44311523 0.5102539 0.66796875
0 141 6.0 0.9873047 0.4428711 0.6640625 0.6147461 0.8935547
0 141 6.0 0.85058594 0.48632812 0.8466797 0.69140625 1.0009766
0 142 6.0 0.9970703 0.3461914 0.44458008 0.5131836 0.66796875
0 142 6.0 0.9921875 0.67871094 0.48535156 0.83496094 0.7265625
0 142 6.0 0.984375 0.4440918 0.67089844 0.62109375 0.90234375
0 142 6.0 0.8798828 0.48828125 0.85302734 0.68652344 1.0019531
0 143 6.0 0.99609375 0.3461914 0.4482422 0.5102539 0.67578125
0 143 6.0 0.9902344 0.6796875 0.4868164 0.83691406 0.7260742
0 143 6.0 0.98828125 0.44360352 0.6796875 0.62109375 0.9042969
0 143 6.0 0.8833008 0.48828125 0.85546875 0.6894531 1.0019531
0 143 6.0 0.5698242 0.22644043 0.24523926 0.328125 0.34033203
0 144 6.0 0.99609375 0.34326172 0.45947266 0.49560547 0.67333984
0 144 6.0 0.98828125 0.68310547 0.49267578 0.84033203 0.73779297
0 144 6.0 0.96875 0.44580078 0.68896484 0.6225586 0.90185547
0 144 6.0 0.78125 0.49121094 0.85839844 0.6826172 1.0019531
0 144 6.0 0.63427734 0.23071289 0.23986816 0.33520508 0.34179688
0 145 6.0 0.99609375 0.3425293 0.45996094 0.49731445 0.6767578
0 145 6.0 0.9921875 0.45141602 0.6801758 0.62109375 0.9165039
0 145 6.0 0.9892578 0.6845703 0.4975586 0.84765625 0.7426758
0 145 6.0 0.7734375 0.4873047 0.86035156 0.6826172 1.0019531
0 145 6.0 0.65722656 0.22912598 0.2421875 0.3359375 0.33984375
0 146 6.0 0.9941406 0.34423828 0.46411133 0.5004883 0.67871094
0 146 6.0 0.9892578 0.4482422 0.68359375 0.62402344 0.9169922
0 146 6.0 0.98535156 0.6850586 0.49902344 0.85009766 0.7529297
0 146 6.0 0.7080078 0.4873047 0.85595703 0.67871094 1.0009766
0 146 6.0 0.65185547 0.22314453 0.2409668 0.3383789 0.3400879
0 147 5.0 0.8173828 0.6870117 0.5 0.8461914 0.73828125
0 147 6.0 0.99316406 0.34936523 0.46923828 0.50390625 0.68603516
0 147 6.0 0.98535156 0.45483398 0.69628906 0.6220703 0.9345703
0 147 6.0 0.8989258 0.68847656 0.50439453 0.8466797 0.7504883
0 147 6.0 0.67089844 0.22387695 0.23571777 0.33764648 0.34277344
0 147 6.0 0.5307617 0.50634766 0.8779297 0.68310547 1.0068359
0 148 6.0 0.99609375 0.44970703 0.69677734 0.62646484 0.94873047
0 148 6.0 0.9892578 0.3461914 0.46777344 0.50390625 0.6894531
0 148 6.0 0.9863281 0.6894531 0.5078125 0.8544922 0.7548828
0 148 6.0 0.6738281 0.22314453 0.23803711 0.33789062 0.34448242
0 149 6.0 0.9970703 0.6923828 0.51416016 0.8564453 0.7573242
0 149 6.0 0.9921875 0.3486328 0.46606445 0.5058594 0.69628906
0 149 6.0 0.98535156 0.4597168 0.7055664 0.6381836 0.9506836
0 149 6.0 0.65722656 0.22375488 0.23291016 0.3413086 0.34521484
0 150 6.0 0.9970703 0.45507812 0.7026367 0.63964844 0.97314453
0 150 6.0 0.9951172 0.35107422 0.47607422 0.5073242 0.6977539
0 150 6.0 0.97265625 0.6977539 0.5151367 0.85791016 0.7583008
0 150 6.0 0.6586914 0.22460938 0.23120117 0.33984375 0.34301758
0 151 5.0 0.6064453 0.69921875 0.5258789 0.859375 0.75634766
0 151 6.0 0.9980469 0.3515625 0.47314453 0.5078125 0.7036133
0 151 6.0 0.9951172 0.45410156 0.7109375 0.6435547 0.9716797
0 151 6.0 0.7128906 0.22631836 0.23217773 0.33862305 0.3449707
0 151 6.0 0.65625 0.7001953 0.5180664 0.859375 0.76220703
0 152 5.0 0.6196289 0.70214844 0.52441406 0.85839844 0.7597656
0 152 6.0 0.9980469 0.35302734 0.47509766 0.5102539 0.7055664
0 152 6.0 0.9980469 0.46142578 0.70996094 0.6430664 0.9814453
0 152 6.0 0.6298828 0.22277832 0.23608398 0.33740234 0.3479004
0 152 6.0 0.53564453 0.70214844 0.51953125 0.85839844 0.76660156
0 153 6.0 0.9980469 0.35375977 0.47583008 0.5126953 0.7128906
0 153 6.0 0.9970703 0.46240234 0.71435547 0.64208984 0.97509766
0 153 6.0 0.75439453 0.7026367 0.5180664 0.86572266 0.7729492
0 153 6.0 0.6176758 0.22253418 0.24194336 0.33764648 0.3479004
0 154 6.0 0.99902344 0.35620117 0.4790039 0.5107422 0.71240234
0 154 6.0 0.99609375 0.46044922 0.71728516 0.6459961 0.9790039
0 154 6.0 0.9223633 0.7036133 0.5253906 0.8666992 0.7685547
0 154 6.0 0.671875 0.22399902 0.23864746 0.33764648 0.34936523
0 155 6.0 0.99902344 0.35913086 0.484375 0.51123047 0.71875
0 155 6.0 0.9892578 0.46899414 0.72265625 0.64697266 0.98339844
0 155 6.0 0.9819336 0.7114258 0.5307617 0.87060547 0.77001953
0 155 6.0 0.6699219 0.22460938 0.23901367 0.3388672 0.34936523
0 156 6.0 0.99902344 0.36035156 0.484375 0.51660156 0.7167969
0 156 6.0 0.9951172 0.46850586 0.72265625 0.6542969 0.9824219
0 156 6.0 0.95410156 0.7104492 0.53222656 0.87060547 0.7783203
0 156 6.0 0.6933594 0.22607422 0.24243164 0.3388672 0.3479004
0 157 6.0 1.0 0.36523438 0.48510742 0.51660156 0.71875
0 157 6.0 0.9951172 0.4724121 0.7285156 0.6513672 0.98828125
0 157 6.0 0.96777344 0.70947266 0.53515625 0.8725586 0.7832031
0 157 6.0 0.6621094 0.22509766 0.24438477 0.33789062 0.34448242
0 158 6.0 1.0 0.36083984 0.49023438 0.5180664 0.72558594
0 158 6.0 0.99609375 0.4699707 0.73095703 0.65625 0.9848633
0 158 6.0 0.9707031 0.7089844 0.5371094 0.8769531 0.7910156
0 158 6.0 0.63134766 0.22473145 0.24499512 0.3388672 0.34570312
0 159 6.0 1.0 0.36621094 0.49023438 0.5214844 0.7294922
0 159 6.0 0.9951172 0.70703125 0.54003906 0.88183594 0.796875
0 159 6.0 0.9951172 0.47314453 0.74121094 0.66064453 0.9921875
0 159 6.0 0.58691406 0.2232666 0.24902344 0.34106445 0.3515625
0 160 6.0 1.0 0.36816406 0.49243164 0.5214844 0.74121094
0 160 6.0 0.9951172 0.7089844 0.5439453 0.8847656 0.8017578
0 160 6.0 0.9838867 0.47460938 0.75 0.65722656 0.98828125
0 160 6.0 0.63378906 0.22814941 0.25170898 0.33984375 0.35131836
0 161 6.0 1.0 0.36816406 0.49047852 0.5234375 0.7480469
0 161 6.0 0.99609375 0.47631836 0.75390625 0.65234375 0.9892578
0 161 6.0 0.99121094 0.70996094 0.5449219 0.88671875 0.8017578
0 161 6.0 0.7109375 0.22814941 0.25146484 0.33911133 0.34960938
0 162 6.0 1.0 0.36694336 0.4946289 0.52490234 0.75634766
0 162 6.0 0.9980469 0.4724121 0.7553711 0.6513672 0.99560547
0 162 6.0 0.9941406 0.7133789 0.5493164 0.8901367 0.80615234
0 162 6.0 0.77246094 0.22583008 0.25048828 0.33911133 0.3544922
0 163 6.0 0.99902344 0.36914062 0.5029297 0.5263672 0.7597656
0 163 6.0 0.9951172 0.4741211 0.7631836 0.65185547 0.9926758
0 163 6.0 0.99316406 0.7158203 0.5527344 0.8925781 0.8076172
0 163 6.0 0.78564453 0.22509766 0.25 0.3408203 0.35742188
0 164 6.0 0.99902344 0.36816406 0.5097656 0.53027344 0.76464844
0 164 6.0 0.9980469 0.47583008 0.77197266 0.6503906 0.99560547
0 164 6.0 0.94970703 0.72021484 0.5605469 0.89404297 0.8144531
0 164 6.0 0.77246094 0.22705078 0.2536621 0.34228516 0.35620117
0 165 6.0 0.9980469 0.3635254 0.5078125 0.5332031 0.77734375
0 165 6.0 0.9970703 0.47729492 0.78027344 0.64941406 0.9941406
0 165 6.0 0.9707031 0.72216797 0.5761719 0.8989258 0.8154297
0 165 6.0 0.7890625 0.22753906 0.2553711 0.34179688 0.3540039
0 166 6.0 0.99902344 0.37109375 0.5175781 0.5283203 0.7607422
0 166 6.0 0.99902344 0.47705078 0.78515625 0.65478516 0.9980469
0 166 6.0 0.94921875 0.7236328 0.5805664 0.9013672 0.82470703
0 166 6.0 0.75683594 0.22766113 0.25585938 0.3400879 0.36035156
0 167 5.0 0.56591797 0.72509766 0.57421875 0.90966797 0.8359375
0 167 6.0 0.99902344 0.3671875 0.5151367 0.5371094 0.77978516
0 167 6.0 0.9970703 0.47753906 0.7939453 0.65625 1.0
0 167 6.0 0.7841797 0.72558594 0.5810547 0.90722656 0.8310547
0 167 6.0 0.73291016 0.2290039 0.25830078 0.34033203 0.36132812
0 168 5.0 0.8100586 0.7260742 0.5839844 0.91064453 0.83496094
0 168 6.0 0.99902344 0.36914062 0.5214844 0.53222656 0.7685547
0 168 6.0 0.9970703 0.47607422 0.7988281 0.6567383 1.0
0 168 6.0 0.7495117 0.22973633 0.25756836 0.34155273 0.3605957
0 168 6.0 0.56347656 0.7270508 0.5839844 0.9086914 0.84375
0 169 6.0 0.99902344 0.36767578 0.5239258 0.5336914 0.77685547
0 169 6.0 0.984375 0.47436523 0.80322266 0.65966797 1.0009766
0 169 6.0 0.8984375 0.73095703 0.58203125 0.9116211 0.84277344
0 169 6.0 0.7133789 0.23071289 0.2602539 0.3425293 0.3564453
0 170 5.0 0.8432617 0.7373047 0.5908203 0.9160156 0.8486328
0 170 6.0 0.99902344 0.3701172 0.52441406 0.54248047 0.78027344
0 170 6.0 0.984375 0.47558594 0.7973633 0.6611328 1.0009766
0 170 6.0 0.66259766 0.23095703 0.25854492 0.34179688 0.35864258
0 170 6.0 0.54248047 0.7373047 0.5864258 0.9140625 0.8461914
0 171 5.0 0.8232422 0.7373047 0.59472656 0.92089844 0.85253906
0 171 6.0 1.0 0.37060547 0.5292969 0.53515625 0.77734375
0 171 6.0 0.9941406 0.47558594 0.8046875 0.65722656 1.0019531
0 171 6.0 0.6933594 0.73876953 0.5888672 0.9165039 0.8496094
0 171 6.0 0.6425781 0.23181152 0.25878906 0.3413086 0.3618164
0 172 6.0 1.0 0.37109375 0.5292969 0.53808594 0.7919922
0 172 6.0 0.9921875 0.47558594 0.8144531 0.65625 1.0019531
0 172 6.0 0.9394531 0.73828125 0.5913086 0.9238281 0.86083984
0 172 6.0 0.6298828 0.23339844 0.25976562 0.34375 0.36132812
0 173 6.0 1.0 0.37451172 0.53125 0.54003906 0.7890625
0 173 6.0 0.99121094 0.4765625 0.8251953 0.65722656 1.0019531
0 173 6.0 0.9428711 0.7421875 0.58691406 0.9248047 0.8613281
0 173 6.0 0.5986328 0.23461914 0.26000977 0.34350586 0.36108398
0 174 6.0 1.0 0.37890625 0.53271484 0.5395508 0.7944336
0 174 6.0 0.97998047 0.4765625 0.82910156 0.66015625 1.0009766
0 174 6.0 0.9350586 0.74365234 0.5986328 0.9243164 0.8574219
0 174 6.0 0.5644531 0.23510742 0.25561523 0.34204102 0.36157227
0 175 6.0 1.0 0.3803711 0.53759766 0.5395508 0.8041992
0 175 6.0 0.9760742 0.74609375 0.6040039 0.9267578 0.86279297
0 175 6.0 0.9741211 0.47583008 0.83496094 0.6621094 1.0029297
0 175 6.0 0.5551758 0.23632812 0.25708008 0.3413086 0.36108398
0 176 6.0 1.0 0.37841797 0.54345703 0.5395508 0.80615234
0 176 6.0 0.98095703 0.47021484 0.84228516 0.6665039 1.0039062
0 176 6.0 0.96777344 0.75 0.6152344 0.9277344 0.8691406
0 176 6.0 0.6020508 0.23376465 0.2548828 0.3449707 0.3618164
0 177 6.0 0.99902344 0.38085938 0.54589844 0.54052734 0.8144531
0 177 6.0 0.9790039 0.47070312 0.8466797 0.67089844 1.0048828
0 177 6.0 0.7265625 0.7524414 0.6171875 0.93896484 0.8779297
0 177 6.0 0.57910156 0.23535156 0.25830078 0.34570312 0.3623047
0 178 6.0 0.99902344 0.38208008 0.55078125 0.5395508 0.8203125
0 178 6.0 0.9472656 0.48095703 0.8535156 0.6791992 1.0029297
0 178 6.0 0.7734375 0.7558594 0.6225586 0.93359375 0.88427734
0 178 6.0 0.5449219 0.23376465 0.25341797 0.34887695 0.3647461
0 179 6.0 0.9970703 0.38354492 0.5546875 0.54296875 0.82128906
0 179 6.0 0.95410156 0.48291016 0.85302734 0.6772461 1.0019531
0 179 6.0 0.8364258 0.7626953 0.62597656 0.94433594 0.8886719
0 179 6.0 0.5732422 0.23413086 0.25219727 0.3474121 0.3635254
0 180 6.0 0.9980469 0.38061523 0.56640625 0.5498047 0.8232422
0 180 6.0 0.93603516 0.48217773 0.8598633 0.6777344 1.0019531
0 180 6.0 0.9086914 0.765625 0.6308594 0.95214844 0.89160156
0 180 6.0 0.5522461 0.23693848 0.2553711 0.34423828 0.36376953
0 181 6.0 0.9980469 0.38305664 0.56591797 0.55126953 0.82373047
0 181 6.0 0.9472656 0.7680664 0.6357422 0.95654297 0.89746094
0 181 6.0 0.90625 0.47680664 0.8618164 0.68359375 1.0029297
0 181 6.0 0.50683594 0.23840332 0.25830078 0.34277344 0.36328125
0 182 6.0 0.9970703 0.38232422 0.5673828 0.55859375 0.8300781
0 182 6.0 0.9838867 0.76708984 0.63720703 0.9604492 0.89990234
0 182 6.0 0.7519531 0.48535156 0.8623047 0.6845703 1.0009766
0 182 6.0 0.546875 0.23730469 0.2541504 0.34570312 0.3630371
0 183 6.0 0.9980469 0.3815918 0.5683594 0.55859375 0.8330078
0 183 6.0 0.9448242 0.76953125 0.640625 0.9638672 0.8984375
0 183 6.0 0.63623047 0.23706055 0.25048828 0.34887695 0.3618164
0 184 6.0 0.9980469 0.38378906 0.5727539 0.5600586 0.83447266
0 184 6.0 0.96435547 0.77246094 0.64208984 0.96484375 0.9086914
0 184 6.0 0.5253906 0.23962402 0.2475586 0.3466797 0.36328125
0 185 6.0 0.99902344 0.3876953 0.57177734 0.55859375 0.8413086
0 185 6.0 0.98291016 0.77246094 0.6430664 0.96972656 0.91064453
0 186 6.0 0.9980469 0.3828125 0.5810547 0.55859375 0.85058594
0 186 6.0 0.97265625 0.7758789 0.64746094 0.97021484 0.9121094
0 187 6.0 0.9980469 0.38183594 0.58251953 0.5595703 0.85791016
0 187 6.0 0.984375 0.7739258 0.6489258 0.97216797 0.9243164
0 188 6.0 0.99902344 0.38671875 0.5859375 0.56347656 0.8652344
0 188 6.0 0.9658203 0.7792969 0.65234375 0.9746094 0.9355469
0 189 6.0 0.99902344 0.3840332 0.58984375 0.5625 0.86816406
0 189 6.0 0.96240234 0.7783203 0.66015625 0.97558594 0.94628906
0 190 6.0 0.99902344 0.3864746 0.5917969 0.5654297 0.8720703
0 190 6.0 0.92333984 0.78027344 0.66503906 0.97558594 0.94628906
0 191 6.0 0.99902344 0.38745117 0.5942383 0.5708008 0.8833008
0 191 6.0 0.7988281 0.7832031 0.6772461 0.9785156 0.9526367
0 192 5.0 0.54003906 0.78515625 0.6611328 0.9785156 0.96484375
0 192 6.0 0.9980469 0.3881836 0.6020508 0.5722656 0.8754883
0 192 6.0 0.80371094 0.7832031 0.6816406 0.98046875 0.9658203
0 193 6.0 0.99902344 0.3869629 0.60498047 0.57421875 0.8823242
0 193 6.0 0.9873047 0.7817383 0.6791992 0.9975586 0.9682617
0 194 6.0 1.0 0.38623047 0.61035156 0.57421875 0.8886719
0 194 6.0 0.9135742 0.78271484 0.69189453 0.9916992 0.9692383
0 195 6.0 1.0 0.3869629 0.6118164 0.57421875 0.90185547
0 195 6.0 0.9482422 0.7915039 0.6923828 0.99072266 0.9707031
0 196 6.0 1.0 0.38964844 0.61621094 0.578125 0.90625
0 196 6.0 0.9140625 0.79248047 0.69140625 0.99365234 0.9794922
0 197 6.0 1.0 0.3930664 0.62109375 0.5761719 0.9013672
0 197 6.0 0.9560547 0.79003906 0.6953125 0.99902344 0.9863281
0 198 6.0 1.0 0.39257812 0.6225586 0.58203125 0.90283203
0 198 6.0 0.9550781 0.79833984 0.69970703 0.99853516 0.98779297
0 199 6.0 1.0 0.39404297 0.6254883 0.5805664 0.90478516
0 199 6.0 0.9448242 0.8071289 0.7036133 0.9995117 0.9946289
0 200 6.0 1.0 0.39990234 0.62841797 0.5805664 0.91845703
0 200 6.0 0.97314453 0.80908203 0.7050781 0.9995117 0.9941406
0 201 6.0 1.0 0.3984375 0.6333008 0.58447266 0.9243164
0 201 6.0 0.96875 0.8105469 0.7084961 0.99902344 0.9916992
0 202 6.0 1.0 0.39990234 0.6381836 0.58496094 0.9399414
0 202 6.0 0.97314453 0.81152344 0.71972656 0.9980469 0.9941406
0 203 6.0 0.99902344 0.40039062 0.63964844 0.5854492 0.9472656
0 203 6.0 0.9741211 0.8149414 0.7236328 0.9975586 0.9941406
0 204 6.0 0.99902344 0.3894043 0.6489258 0.5859375 0.94970703
0 204 6.0 0.9658203 0.8178711 0.73046875 0.9975586 0.99609375
0 205 6.0 1.0 0.3959961 0.65283203 0.5878906 0.95654297
0 205 6.0 0.96240234 0.8203125 0.73779297 0.99609375 1.0019531
0 206 6.0 1.0 0.3984375 0.6660156 0.5883789 0.95703125
0 206 6.0 0.9716797 0.82470703 0.7392578 0.99560547 1.0009766
0 207 6.0 0.99902344 0.3959961 0.6669922 0.58984375 0.9560547
0 207 6.0 0.9863281 0.82958984 0.7392578 0.99560547 1.0009766
0 208 6.0 0.99902344 0.4025879 0.66748047 0.5917969 0.9604492
0 208 6.0 0.984375 0.83203125 0.7470703 0.9970703 0.9980469
0 209 6.0 0.99902344 0.40600586 0.6743164 0.5996094 0.97021484
0 209 6.0 0.97265625 0.8334961 0.74658203 0.99658203 1.0019531
0 210 6.0 0.99902344 0.40576172 0.67578125 0.59814453 0.9814453
0 210 6.0 0.98535156 0.8383789 0.7548828 0.99560547 1.0039062
0 211 6.0 0.99902344 0.40820312 0.6796875 0.60058594 0.98339844
0 211 6.0 0.9707031 0.8432617 0.7583008 0.99560547 1.0019531
0 212 6.0 1.0 0.4116211 0.6826172 0.6020508 0.9902344
0 212 6.0 0.94384766 0.8432617 0.7636719 0.99658203 1.0078125
0 213 6.0 0.99902344 0.41796875 0.6928711 0.6015625 0.99658203
0 213 6.0 0.94921875 0.8413086 0.76904297 0.9975586 1.0068359
0 214 6.0 1.0 0.41357422 0.70458984 0.60498047 0.9916992
0 214 6.0 0.94384766 0.84277344 0.7783203 0.9970703 1.0039062
0 215 6.0 1.0 0.4169922 0.7036133 0.59765625 0.9946289
0 215 6.0 0.95166016 0.8432617 0.78125 0.99658203 1.0039062
0 215 6.0 0.52490234 0.2841797 0.26245117 0.39648438 0.40161133
0 216 6.0 1.0 0.4165039 0.7080078 0.60009766 0.9970703
0 216 6.0 0.9633789 0.8496094 0.7919922 0.99609375 1.0029297
0 216 6.0 0.53808594 0.2849121 0.25952148 0.39819336 0.40600586
0 217 6.0 1.0 0.41552734 0.71484375 0.6010742 0.9980469
0 217 6.0 0.9892578 0.85058594 0.7998047 0.9970703 1.0029297
0 218 6.0 1.0 0.42041016 0.72265625 0.61376953 0.9873047
0 218 6.0 0.97802734 0.85546875 0.8051758 0.99609375 1.0087891
0 218 6.0 0.6948242 0.2866211 0.25732422 0.40234375 0.40820312
0 219 6.0 1.0 0.4182129 0.72753906 0.61279297 0.9892578
0 219 6.0 0.94628906 0.86376953 0.8066406 0.99658203 1.0126953
0 219 6.0 0.7519531 0.28515625 0.25585938 0.40478516 0.41015625
0 220 6.0 1.0 0.41992188 0.72802734 0.6113281 0.9848633
0 220 6.0 0.9482422 0.86328125 0.8120117 0.9941406 1.0136719
0 220 6.0 0.63916016 0.2866211 0.25732422 0.40234375 0.4091797
0 221 6.0 0.99902344 0.42041016 0.72998047 0.61376953 0.9838867
0 221 6.0 0.9316406 0.8647461 0.8125 0.99365234 1.0136719
0 221 6.0 0.7402344 0.2866211 0.25463867 0.40234375 0.41137695
0 222 6.0 0.9980469 0.4189453 0.73291016 0.6220703 0.9848633
0 222 6.0 0.88427734 0.86083984 0.81591797 0.9946289 1.0107422
0 222 6.0 0.63623047 0.29077148 0.26000977 0.40356445 0.40844727
0 223 6.0 0.9980469 0.42260742 0.74072266 0.6171875 0.98876953
0 223 6.0 0.71191406 0.8666992 0.81689453 0.9946289 1.0146484
0 223 6.0 0.67822266 0.29077148 0.2602539 0.40356445 0.41064453
0 224 6.0 0.9941406 0.42236328 0.7480469 0.62646484 0.9902344
0 224 6.0 0.70458984 0.2902832 0.26220703 0.40307617 0.41455078
0 224 6.0 0.57666016 0.8720703 0.8364258 0.99902344 0.99853516
0 225 6.0 0.99609375 0.42456055 0.75341797 0.62890625 0.99365234
0 225 6.0 0.6958008 0.29052734 0.25830078 0.4038086 0.41503906
0 225 6.0 0.61621094 0.8754883 0.84375 0.9995117 0.9951172
0 226 6.0 0.9970703 0.42456055 0.75878906 0.6303711 0.9892578
0 226 6.0 0.78271484 0.8676758 0.84716797 1.0009766 1.0039062
0 226 6.0 0.5629883 0.29077148 0.26049805 0.40356445 0.4128418
0 227 6.0 0.9980469 0.42382812 0.765625 0.6328125 0.99121094
0 227 6.0 0.7841797 0.8730469 0.85009766 1.0039062 1.0039062
0 227 6.0 0.6196289 0.29077148 0.2548828 0.40551758 0.42089844
0 228 6.0 0.9970703 0.4267578 0.77197266 0.6347656 0.9916992
0 228 6.0 0.72021484 0.87402344 0.8540039 1.0048828 1.0039062
0 228 6.0 0.52685547 0.29248047 0.26171875 0.40478516 0.41992188
0 229 6.0 0.99902344 0.43017578 0.7783203 0.63623047 0.99316406
0 229 6.0 0.5541992 0.8833008 0.859375 1.0029297 1.0019531
0 229 6.0 0.5175781 0.29125977 0.265625 0.40600586 0.4169922
0 230 6.0 0.9970703 0.42700195 0.7871094 0.6401367 0.9970703
0 230 6.0 0.5756836 0.2841797 0.2692871 0.41064453 0.4333496
0 231 6.0 0.99316406 0.42529297 0.79296875 0.64404297 0.9941406
0 232 6.0 0.9873047 0.42993164 0.79345703 0.6455078 0.9975586
0 232 6.0 0.5336914 0.2861328 0.27148438 0.4111328 0.43847656
0 233 6.0 0.99316406 0.4272461 0.79541016 0.64404297 0.99853516
0 233 6.0 0.6040039 0.28588867 0.2783203 0.41625977 0.4350586
0 234 6.0 0.9941406 0.42944336 0.8022461 0.6464844 0.99560547
0 235 6.0 0.9951172 0.4243164 0.8105469 0.6489258 0.99609375
0 235 6.0 0.53515625 0.2939453 0.28173828 0.41601562 0.4375
0 236 6.0 0.99316406 0.42700195 0.81689453 0.6513672 0.9946289
0 236 6.0 0.5703125 0.29467773 0.28173828 0.41870117 0.4399414
0 237 6.0 0.9863281 0.43041992 0.82470703 0.6479492 0.9946289
0 237 6.0 0.72509766 0.29785156 0.26660156 0.421875 0.44140625
0 238 6.0 0.9863281 0.43164062 0.82910156 0.6503906 0.9951172
0 239 6.0 0.9550781 0.43115234 0.83203125 0.65283203 0.9921875
0 240 6.0 0.96875 0.42211914 0.8378906 0.65625 0.9980469
0 240 6.0 0.6357422 0.29638672 0.28076172 0.4248047 0.44384766
0 241 6.0 0.97802734 0.4321289 0.8461914 0.6616211 0.9995117
0 241 6.0 0.59375 0.2993164 0.27783203 0.42529297 0.44140625
0 242 6.0 0.98828125 0.43676758 0.8496094 0.66015625 1.0019531
0 242 6.0 0.70996094 0.2993164 0.27978516 0.42529297 0.44726562
0 243 6.0 0.98291016 0.44091797 0.8564453 0.6567383 1.0019531
0 244 6.0 0.9580078 0.4375 0.859375 0.6611328 1.0039062
0 245 6.0 0.71728516 0.43701172 0.8652344 0.65966797 1.0039062
0 246 6.0 0.64990234 0.44091797 0.8666992 0.6635742 1.0039062
0 247 6.0 0.5107422 0.44067383 0.8725586 0.6801758 1.0068359
0 248 6.0 0.5102539 0.29785156 0.31274414 0.42626953 0.45483398
0 249 6.0 0.50927734 0.29956055 0.30566406 0.42651367 0.4560547
