0 0 6.0 0.9964658 0.44761848 0.79922295 0.636484 0.9990165
0 0 6.0 0.9926847 0.6256052 0.41670576 0.7727746 0.6113744
0 0 6.0 0.9909576 0.4113866 0.5242579 0.565031 0.72822225
0 0 6.0 0.76252884 0.4629096 0.27411702 0.5801413 0.42207375
0 0 6.0 0.5397615 0.32432455 0.3768512 0.45632356 0.5337407
0 0 6.0 0.51516753 0.23920403 0.29027542 0.33928698 0.39405224
0 1 6.0 0.9954222 0.44760245 0.8018651 0.638357 0.999107
0 1 6.0 0.9947024 0.6328486 0.42395604 0.7784077 0.61978865
0 1 6.0 0.9942959 0.41226456 0.5295723 0.5671026 0.7297891
0 1 6.0 0.7506231 0.4641972 0.27610734 0.5803963 0.42358008
0 1 6.0 0.714199 0.32460123 0.37574676 0.4591242 0.53584516
0 2 6.0 0.9957278 0.6323187 0.4245882 0.78010625 0.62362313
0 2 6.0 0.9954581 0.44869736 0.7972397 0.6356695 0.9986244
0 2 6.0 0.99536765 0.41554058 0.53543514 0.56903505 0.7326973
0 2 6.0 0.7513963 0.3247918 0.3801894 0.46177834 0.5379879
0 2 6.0 0.703036 0.46624476 0.2769456 0.5836398 0.42435664
0 2 6.0 0.55453855 0.15724076 0.26623008 0.22998263 0.3284438
0 3 6.0 0.9956665 0.6363875 0.42951706 0.7820316 0.6276184
0 3 6.0 0.9953695 0.41724658 0.5385295 0.56967604 0.74189615
0 3 6.0 0.99379057 0.44797772 0.8013418 0.63618046 0.99891067
0 3 6.0 0.74382234 0.46737447 0.2774003 0.5851761 0.42537832
0 3 6.0 0.7304574 0.32653657 0.37936896 0.46191618 0.53887945
0 3 6.0 0.5816072 0.15328568 0.263449 0.23195317 0.33066547
0 3 6.0 0.50847745 0.23733585 0.28538156 0.34301183 0.39693278
0 4 6.0 0.99590504 0.6332835 0.43035203 0.7812604 0.6273057
0 4 6.0 0.9953324 0.44634545 0.80734247 0.6426655 1.0003979
0 4 6.0 0.9921017 0.42020932 0.5421283 0.57036257 0.74553394
0 4 6.0 0.76590824 0.46934956 0.27757213 0.58908993 0.4262494
0 4 6.0 0.676946 0.32981 0.38329092 0.46814874 0.53549635
0 4 6.0 0.6063365 0.15392818 0.26326203 0.22683795 0.32903433
0 4 6.0 0.5157255 0.23867664 0.2795727 0.34380677 0.39625087
0 5 6.0 0.9962993 0.63596576 0.43572843 0.7831666 0.6339741
0 5 6.0 0.99442226 0.4199221 0.5362035 0.56904554 0.74747705
0 5 6.0 0.99090064 0.4423406 0.81430596 0.63891053 0.99755377
0 5 6.0 0.73141384 0.32889262 0.38311118 0.46723238 0.53826076
0 5 6.0 0.60112894 0.15275127 0.26547444 0.22210586 0.330903
0 5 6.0 0.5994993 0.4715327 0.28082255 0.5918398 0.42368802
0 5 6.0 0.51230323 0.23823677 0.2790615 0.3452625 0.39731568
0 6 6.0 0.99575377 0.4200381 0.5351944 0.5717191 0.7552264
0 6 6.0 0.9954893 0.63374555 0.43494856 0.78333414 0.64387953
0 6 6.0 0.9853837 0.43881285 0.8215549 0.64186335 0.9976454
0 6 6.0 0.7612594 0.32839853 0.384516 0.47002 0.5335059
0 6 6.0 0.5797547 0.4731653 0.2850881 0.5945164 0.42605773
0 6 6.0 0.5627466 0.15548052 0.2620244 0.22740744 0.33098137
0 6 6.0 0.53878886 0.23605241 0.27928638 0.3450817 0.3980533
0 7 6.0 0.9975636 0.42083487 0.54137534 0.5735713 0.75865346
0 7 6.0 0.9943305 0.6371515 0.44222453 0.7851727 0.64820224
0 7 6.0 0.97284377 0.43998387 0.8299627 0.64668 0.99836034
0 7 6.0 0.757518 0.32970208 0.38174394 0.4725284 0.5329102
0 7 6.0 0.5543648 0.23304552 0.27695495 0.34585673 0.39809257
0 7 6.0 0.5361922 0.15243365 0.2580055 0.22920488 0.33156407
0 8 6.0 0.9988103 0.42184556 0.54156923 0.57477766 0.7594632
0 8 6.0 0.99550736 0.6430491 0.4458222 0.78703177 0.6471272
0 8 6.0 0.9852705 0.43751204 0.8355535 0.64969075 1.0000966
0 8 6.0 0.7784251 0.33082002 0.3810175 0.4730832 0.53629327
0 8 6.0 0.5404869 0.2344573 0.27780372 0.34518245 0.3998474
0 8 6.0 0.5402932 0.15315573 0.2612576 0.22792174 0.33286452
0 9 6.0 0.999355 0.42256695 0.54844683 0.57521296 0.7695605
0 9 6.0 0.9940177 0.6440102 0.4394288 0.79083323 0.63826585
0 9 6.0 0.9703958 0.43586093 0.8429302 0.6556588 1.003197
0 9 6.0 0.7488741 0.33267248 0.39144713 0.47453952 0.53468776
0 9 6.0 0.5373879 0.15627569 0.26162016 0.23332408 0.33168423
0 9 6.0 0.50261337 0.2362682 0.28299996 0.34510642 0.39574662
0 10 6.0 0.99924797 0.42167485 0.54475015 0.5775272 0.7752362
0 10 6.0 0.9981523 0.64664245 0.44186467 0.79408777 0.6436898
0 10 6.0 0.97026587 0.4347592 0.8515483 0.65605015 1.0078449
0 10 6.0 0.74919164 0.33480927 0.41640604 0.47351792 0.56618077
0 10 6.0 0.5566421 0.1539985 0.26001176 0.23333457 0.33104357
0 11 6.0 0.99908936 0.6443073 0.443894 0.7950683 0.64871514
0 11 6.0 0.9989317 0.4227776 0.5486953 0.57695484 0.77412474
0 11 6.0 0.96044576 0.43463212 0.8542243 0.65445596 1.0118972
0 11 6.0 0.74822944 0.3352438 0.41257614 0.47296855 0.5647692
0 11 6.0 0.5321988 0.15715148 0.25949806 0.23314618 0.3280313
0 12 6.0 0.99965906 0.6489596 0.44594312 0.79974335 0.65084815
0 12 6.0 0.99900717 0.42363244 0.5532295 0.5792362 0.77897996
0 12 6.0 0.93109083 0.43639463 0.8570765 0.6492079 1.0085187
0 12 6.0 0.8177468 0.3369805 0.41083014 0.47572204 0.56641203
0 12 6.0 0.56836414 0.15590572 0.25823003 0.23315823 0.3288486
0 13 6.0 0.99970645 0.6489603 0.4484045 0.7997981 0.65137297
0 13 6.0 0.99782467 0.42491126 0.5518857 0.5786351 0.7804338
0 13 6.0 0.92743623 0.4354539 0.86139715 0.65692353 1.0091904
0 13 6.0 0.75272506 0.33868337 0.42278332 0.47825766 0.56746393
0 13 6.0 0.5795887 0.15300825 0.25322205 0.23405874 0.32935125
0 14 6.0 0.9995216 0.65031976 0.44709754 0.80280775 0.65381396
0 14 6.0 0.99751914 0.42424905 0.56085587 0.5840498 0.78413475
0 14 6.0 0.8583657 0.44372037 0.8620765 0.6523495 1.0036374
0 14 6.0 0.71549493 0.3433105 0.42035097 0.4814851 0.56705594
0 14 6.0 0.6484698 0.15086947 0.25549644 0.23361818 0.3311038
0 15 6.0 0.9996325 0.65134037 0.44938812 0.8017615 0.65703857
0 15 6.0 0.99890006 0.4269349 0.56903297 0.5855883 0.7922067
0 15 6.0 0.8285146 0.3391193 0.41652635 0.48308745 0.57328546
0 15 6.0 0.7312966 0.4479262 0.8648692 0.6530102 1.0017387
0 15 6.0 0.6624062 0.33768362 0.35706204 0.47387183 0.4733885
0 15 6.0 0.6082049 0.15337814 0.2538831 0.23167546 0.33024988
0 16 6.0 0.99972564 0.65353215 0.45063174 0.8048444 0.6608064
0 16 6.0 0.9988193 0.42688763 0.57505244 0.5881983 0.7983609
0 16 6.0 0.8412621 0.33886698 0.4201687 0.48383036 0.57233566
0 16 6.0 0.66590005 0.46093667 0.8679185 0.6583985 1.0030954
0 16 6.0 0.56148046 0.33711982 0.3602669 0.46931785 0.4698898
0 16 6.0 0.5426173 0.15487386 0.2543401 0.2312095 0.33016825
0 17 6.0 0.9997336 0.6555493 0.45481485 0.81118774 0.667919
0 17 6.0 0.9987709 0.42737675 0.5821713 0.5902909 0.79931176
0 17 6.0 0.8754755 0.34235173 0.4127911 0.4834625 0.5743173
0 17 6.0 0.5446566 0.4551689 0.87981915 0.6571595 1.0067732
0 17 6.0 0.50199044 0.33836865 0.36141053 0.4709041 0.47211227
0 18 6.0 0.9995634 0.6572032 0.4573614 0.8144331 0.6700538
0 18 6.0 0.99737155 0.43034685 0.58189625 0.59163725 0.80228144
0 18 6.0 0.75563675 0.3460983 0.4271546 0.48761547 0.5749604
0 18 6.0 0.5729119 0.15681651 0.2516192 0.2345053 0.32940426
0 19 6.0 0.99921775 0.65961623 0.4623432 0.81618536 0.67448866
0 19 6.0 0.9990363 0.42821264 0.583642 0.5940187 0.805027
0 19 6.0 0.76183623 0.34421608 0.42875618 0.4860358 0.57796925
0 19 6.0 0.55564207 0.154605 0.24827884 0.23285091 0.32920432
0 20 6.0 0.99936944 0.42665353 0.58414984 0.5943084 0.8094722
0 20 6.0 0.9980415 0.65976787 0.46048403 0.8192673 0.67608786
0 20 6.0 0.6332132 0.344174 0.42868215 0.48844466 0.57513136
0 20 6.0 0.53440726 0.48805377 0.29666728 0.6097271 0.45735335
0 20 6.0 0.5258306 0.15718709 0.2511763 0.23181681 0.3281659
0 21 6.0 0.9991196 0.433553 0.58442533 0.5971597 0.8118435
0 21 6.0 0.9958383 0.6607491 0.45894736 0.8186177 0.6802798
0 21 6.0 0.7278244 0.34557277 0.4384703 0.48748302 0.5800156
0 21 6.0 0.55223763 0.15864517 0.2526946 0.23156793 0.32802492
0 22 6.0 0.9988225 0.43744093 0.58564526 0.59686166 0.8217618
0 22 6.0 0.99047464 0.65924156 0.46273232 0.81862056 0.6763723
0 22 6.0 0.7497778 0.34817743 0.4283284 0.4918291 0.58191466
0 22 6.0 0.6584254 0.15415174 0.2438058 0.23487273 0.32992658
0 22 6.0 0.55117875 0.49582395 0.29774728 0.611884 0.45595077
0 23 6.0 0.9989371 0.43926632 0.5847388 0.59828436 0.82530695
0 23 6.0 0.9885061 0.66330314 0.46530786 0.82303333 0.6875708
0 23 6.0 0.6767228 0.3483405 0.4275578 0.49224102 0.5776947
0 23 6.0 0.6044979 0.15617874 0.24505773 0.23418832 0.32918718
0 23 6.0 0.58275944 0.4952209 0.29629412 0.6134573 0.4563087
0 23 6.0 0.5591989 0.34719414 0.38180792 0.4858693 0.50232947
0 24 6.0 0.9983981 0.44121495 0.5868235 0.6013533 0.8303998
0 24 6.0 0.992986 0.6673049 0.4664133 0.82666457 0.6930617
0 24 6.0 0.64982325 0.15476632 0.24349307 0.23403463 0.3292997
0 24 6.0 0.5853209 0.34967828 0.43562293 0.488824 0.57592106
0 24 6.0 0.5417444 0.3460303 0.36711538 0.4803232 0.47403187
0 25 6.0 0.997827 0.6666452 0.46698418 0.82745165 0.6956161
0 25 6.0 0.996867 0.44007644 0.59316444 0.60075176 0.8343693
0 25 6.0 0.6814038 0.15553762 0.2439922 0.23550127 0.3288493
0 25 6.0 0.6192957 0.35128963 0.42890885 0.49223596 0.5791472
0 25 6.0 0.5917575 0.50001913 0.29937333 0.61476547 0.45514244
0 25 6.0 0.5303663 0.3499263 0.38133752 0.48780668 0.50301284
0 26 6.0 0.9968651 0.4400296 0.6030634 0.6019931 0.83860713
0 26 6.0 0.9932713 0.67058885 0.4665684 0.82969415 0.69538015
0 26 6.0 0.67060786 0.15667519 0.24944311 0.23664862 0.32894707
0 26 6.0 0.62765485 0.3514392 0.43383247 0.493387 0.58492225
0 27 6.0 0.99646544 0.6705285 0.47387415 0.83065575 0.69754976
0 27 6.0 0.98723894 0.4462855 0.6057762 0.60197306 0.84610724
0 27 6.0 0.67352223 0.15669985 0.24661139 0.23843603 0.3294401
0 27 6.0 0.56916875 0.34995046 0.42842492 0.4941779 0.57904315
0 27 6.0 0.55009454 0.34982824 0.3873676 0.48936307 0.50825536
0 27 6.0 0.52542317 0.5029503 0.30350152 0.6141306 0.456351
0 28 6.0 0.9980354 0.6741699 0.4798452 0.83349025 0.6999818
0 28 6.0 0.98529875 0.44308835 0.61137223 0.60240084 0.85612917
0 28 6.0 0.7193801 0.15488358 0.24588881 0.23884414 0.32956737
0 28 6.0 0.5270177 0.5023297 0.30306002 0.6157265 0.45631835
0 29 6.0 0.998295 0.6764646 0.4853485 0.83902305 0.7017015
0 29 6.0 0.991623 0.44716838 0.62290466 0.6097215 0.856096
0 29 6.0 0.70722497 0.15611401 0.24854769 0.23735753 0.32903215
0 30 6.0 0.99693227 0.44811684 0.6259902 0.61200076 0.85879475
0 30 6.0 0.99513865 0.68085414 0.48713085 0.8401198 0.70355415
0 30 6.0 0.65195453 0.15703025 0.25025123 0.23589134 0.32826108
0 30 6.0 0.6194579 0.36114338 0.46521056 0.5060827 0.6198683
0 30 6.0 0.55153733 0.5033312 0.30335554 0.6162518 0.45757046
0 31 6.0 0.9969099 0.6819217 0.4870783 0.8413292 0.70877945
0 31 6.0 0.99553865 0.44899714 0.63036466 0.6145381 0.8602582
0 31 6.0 0.738045 0.35707283 0.46199664 0.5050734 0.6217358
0 31 6.0 0.6548231 0.15709299 0.24837461 0.23704877 0.33028582
0 31 6.0 0.5453646 0.5029468 0.3055891 0.61757964 0.46075234
0 31 6.0 0.5243936 0.34716183 0.3826102 0.48974782 0.5080989
0 32 6.0 0.9980604 0.684389 0.49663883 0.842033 0.7140116
0 32 6.0 0.99702924 0.44960788 0.6278251 0.6151485 0.865212
0 32 6.0 0.7590278 0.3592782 0.4625888 0.5050964 0.6244819
0 32 6.0 0.6579565 0.16023065 0.2507454 0.23553063 0.328339
0 32 6.0 0.6162972 0.503095 0.30274373 0.6195653 0.46232843
0 33 6.0 0.9991054 0.44895095 0.62966406 0.6193641 0.87544084
0 33 6.0 0.99805486 0.6851263 0.49974856 0.8428494 0.7148223
0 33 6.0 0.7737756 0.36670843 0.46444315 0.5097146 0.6234464
0 33 6.0 0.6769273 0.5024066 0.30179748 0.6217009 0.46568957
0 33 6.0 0.61125314 0.16244267 0.25103953 0.23480885 0.32719317
0 34 6.0 0.9989849 0.45014402 0.6322167 0.6199088 0.88136625
0 34 6.0 0.99765176 0.68650496 0.5014099 0.84675467 0.7205783
0 34 6.0 0.6493189 0.3656849 0.46683806 0.5086325 0.62526983
0 34 6.0 0.630767 0.15713763 0.24775931 0.2377283 0.328886
0 34 6.0 0.5086202 0.5040935 0.30419505 0.6206467 0.46679854
0 35 6.0 0.99943227 0.44599837 0.63043463 0.62063116 0.88441885
0 35 6.0 0.9970476 0.69077355 0.50946915 0.8488501 0.72317433
0 35 6.0 0.8293335 0.36993313 0.46578515 0.51042587 0.62723064
0 35 6.0 0.6369914 0.5039014 0.30053955 0.62922615 0.46247017
0 35 6.0 0.5919678 0.16183689 0.24924028 0.2369886 0.3281725
0 35 6.0 0.53518677 0.34910986 0.38032103 0.4894379 0.5127679
0 36 6.0 0.9993919 0.44470683 0.63447595 0.62220675 0.89000225
0 36 6.0 0.9990119 0.69177914 0.5112146 0.8540491 0.7258698
0 36 6.0 0.7541172 0.3725006 0.4676407 0.513389 0.6290701
0 36 6.0 0.71376795 0.5026057 0.3005705 0.63012254 0.4649127
0 36 6.0 0.56693786 0.16434486 0.2498596 0.23635225 0.32713285
0 37 6.0 0.9984596 0.44619521 0.6438052 0.6246421 0.8993327
0 37 6.0 0.9979037 0.6966785 0.5141874 0.855829 0.7268236
0 37 6.0 0.80222243 0.5070747 0.30152094 0.63397264 0.4669575
0 37 6.0 0.60466987 0.16553855 0.24923757 0.23687705 0.32652262
0 37 6.0 0.5955903 0.37080893 0.46528658 0.5124154 0.6295645
0 37 6.0 0.5280505 0.34624374 0.37638682 0.4866283 0.51526
0 38 6.0 0.99888366 0.4475965 0.6479473 0.6278841 0.9087031
0 38 6.0 0.99603504 0.6957684 0.5204478 0.85981256 0.7353856
0 38 6.0 0.8057519 0.37008765 0.4669708 0.5131206 0.636291
0 38 6.0 0.757931 0.5122073 0.30252972 0.63612026 0.47078446
0 38 6.0 0.6414903 0.16690862 0.2542609 0.23681682 0.32685816
0 39 6.0 0.998782 0.4509206 0.65674996 0.6279491 0.9114629
0 39 6.0 0.9963098 0.69561976 0.5208027 0.8604961 0.7443251
0 39 6.0 0.8792214 0.36651132 0.47144893 0.51580703 0.6408344
0 39 6.0 0.8322635 0.51271534 0.30230814 0.6406704 0.4754045
0 39 6.0 0.6595432 0.16639581 0.25486693 0.23648551 0.32692495
0 40 6.0 0.99802667 0.69854236 0.52327514 0.8591505 0.7524513
0 40 6.0 0.99760085 0.45520753 0.66559774 0.6324869 0.9063937
0 40 6.0 0.9398922 0.51383346 0.3003249 0.6434606 0.48382613
0 40 6.0 0.8891924 0.37233874 0.4698468 0.5188173 0.64660585
0 40 6.0 0.65900344 0.16761348 0.25387356 0.23641244 0.32556298
0 41 6.0 0.9985049 0.69886297 0.51652354 0.8623627 0.7470127
0 41 6.0 0.99758947 0.45397288 0.6693267 0.62985045 0.9168274
0 41 6.0 0.9615338 0.51224214 0.3018275 0.6476659 0.48285472
0 41 6.0 0.8785432 0.38274464 0.47201043 0.52226335 0.64657
0 41 6.0 0.6836163 0.1662158 0.25437462 0.23658326 0.32630473
0 42 6.0 0.9987943 0.7027694 0.52359736 0.8657092 0.74929976
0 42 6.0 0.9977295 0.45716953 0.6765713 0.6323191 0.9212019
0 42 6.0 0.9227673 0.38085085 0.4728731 0.5224175 0.6513176
0 42 6.0 0.9165338 0.5172822 0.30183858 0.6493067 0.48360693
0 42 6.0 0.6921924 0.1630173 0.2495259 0.237863 0.32688612
0 43 6.0 0.9988225 0.7055346 0.5245801 0.86529505 0.7525418
0 43 6.0 0.9979711 0.44983023 0.68208563 0.6316741 0.93441296
0 43 6.0 0.9251891 0.37879345 0.47583732 0.52462 0.6521043
0 43 6.0 0.88385075 0.51798 0.30235428 0.6501454 0.4824527
0 43 6.0 0.69793075 0.16249041 0.24760959 0.2389309 0.32710668
0 44 6.0 0.9989391 0.450885 0.6825876 0.63584214 0.93899536
0 44 6.0 0.9977106 0.7110096 0.53065604 0.868556 0.75375813
0 44 6.0 0.9280224 0.5143643 0.30058464 0.6375932 0.48242602
0 44 6.0 0.92028123 0.3818746 0.47867364 0.52447736 0.65192705
0 44 6.0 0.6852353 0.16566877 0.2510289 0.2369728 0.3251211
0 45 6.0 0.9992067 0.4570184 0.6863011 0.6401208 0.9461584
0 45 6.0 0.99832696 0.71191764 0.53485215 0.8756714 0.7624192
0 45 6.0 0.9664682 0.38115516 0.47959244 0.52688 0.6611538
0 45 6.0 0.9361495 0.5164155 0.30062073 0.64043283 0.4862917
0 45 6.0 0.664649 0.16653039 0.24809256 0.23732467 0.32465556
0 46 6.0 0.9990151 0.71261466 0.53774893 0.8771417 0.76702917
0 46 6.0 0.99892515 0.45903695 0.691388 0.64008737 0.95202386
0 46 6.0 0.97629195 0.38273835 0.48018816 0.52893555 0.6618017
0 46 6.0 0.9214092 0.5165914 0.30094242 0.6409123 0.48585582
0 46 6.0 0.63299197 0.1660761 0.2512051 0.23795062 0.3256734
0 47 6.0 0.9990662 0.4572955 0.6934517 0.6440038 0.95979077
0 47 6.0 0.9974511 0.7120251 0.53519106 0.876394 0.7740208
0 47 6.0 0.9798518 0.37953836 0.47914168 0.5319646 0.66035986
0 47 6.0 0.94859385 0.5159096 0.3030244 0.6423734 0.4873476
0 47 6.0 0.6440615 0.16481395 0.25173956 0.23919247 0.327177
0 48 6.0 0.99720407 0.71219444 0.5413982 0.8802285 0.7805492
0 48 6.0 0.99656504 0.46623617 0.70144355 0.64502376 0.9639368
0 48 6.0 0.96275276 0.515566 0.30408606 0.64342594 0.48964152
0 48 6.0 0.94150925 0.379941 0.47950885 0.5321554 0.66267467
0 48 6.0 0.602763 0.1659491 0.2510734 0.23736274 0.32554808
0 49 6.0 0.9992112 0.46550375 0.70113957 0.64204496 0.95818305
0 49 6.0 0.99684083 0.71126026 0.55020154 0.8847217 0.7837174
0 49 6.0 0.96844864 0.38785636 0.504855 0.53803533 0.6797975
0 49 6.0 0.94930255 0.5179954 0.30731326 0.6446864 0.48878092
0 49 6.0 0.59965867 0.16704768 0.24864215 0.23672402 0.32403725
0 50 6.0 0.99823415 0.71157104 0.5519323 0.88502485 0.7869957
0 50 6.0 0.9969283 0.47031507 0.7061649 0.6439891 0.9720716
0 50 6.0 0.9615859 0.38793328 0.50139487 0.540097 0.6801568
0 50 6.0 0.9589051 0.5184748 0.3080535 0.647043 0.4900337
0 50 6.0 0.61488545 0.16759466 0.24776845 0.23745199 0.3217313
0 51 6.0 0.99815446 0.7120894 0.56011844 0.8899267 0.7940532
0 51 6.0 0.99806076 0.47016633 0.7176721 0.64489436 0.9766482
0 51 6.0 0.97813 0.39189047 0.49999636 0.54485863 0.6854504
0 51 6.0 0.9548416 0.52225304 0.30842948 0.6484661 0.4888029
0 51 6.0 0.63169616 0.16798395 0.24832699 0.23751616 0.32183704
0 52 6.0 0.99919873 0.7138208 0.5635163 0.89372253 0.7960473
0 52 6.0 0.99884856 0.47068688 0.72382784 0.6475435 0.978968
0 52 6.0 0.9822089 0.3922143 0.5007086 0.54655194 0.6868099
0 52 6.0 0.9727285 0.5231242 0.3087418 0.65148246 0.49292272
0 52 6.0 0.5953775 0.16935152 0.25079766 0.23629421 0.32130775
0 52 6.0 0.5028593 0.2942174 0.31824157 0.39543432 0.46166024
0 53 6.0 0.99913365 0.71647596 0.5699006 0.89701855 0.79978305
0 53 6.0 0.99905545 0.46869206 0.72946614 0.647825 0.98815495
0 53 6.0 0.99739033 0.39117557 0.50057155 0.5508813 0.6926816
0 53 6.0 0.982084 0.52462053 0.3107741 0.6535553 0.4924972
0 53 6.0 0.5332391 0.16964874 0.25199023 0.23592934 0.32143858
0 54 6.0 0.99930584 0.46666652 0.73217535 0.6530277 0.9859321
0 54 6.0 0.9991757 0.71862185 0.57589436 0.8968214 0.80316806
0 54 6.0 0.99746907 0.39376265 0.49760717 0.5539161 0.697715
0 54 6.0 0.98297805 0.5240553 0.31465834 0.6552754 0.4970135
0 54 6.0 0.51258594 0.29543686 0.3220607 0.39948666 0.4640748
0 54 6.0 0.51077324 0.17001475 0.25077987 0.23723207 0.32194406
0 55 6.0 0.9989768 0.47241265 0.7317438 0.6492358 0.99053
0 55 6.0 0.99761957 0.7186483 0.57802033 0.8973738 0.80511725
0 55 6.0 0.9931161 0.39407182 0.5000768 0.5540635 0.6967939
0 55 6.0 0.9836178 0.52475387 0.3131905 0.65797156 0.50111115
0 55 6.0 0.5445354 0.17007203 0.2490412 0.23680033 0.32021797
0 56 6.0 0.9992749 0.7186198 0.57925725 0.89816 0.80968046
0 56 6.0 0.9992175 0.47433594 0.74060345 0.64846194 0.989529
0 56 6.0 0.9906579 0.39349377 0.50341827 0.55546623 0.702424
0 56 6.0 0.9775827 0.5250265 0.31578064 0.6615947 0.5040185
0 56 6.0 0.5484801 0.17205302 0.24882364 0.23595269 0.31738895
0 56 6.0 0.53030795 0.29619852 0.31321084 0.4015552 0.46463823
0 57 6.0 0.9992487 0.7221968 0.57973415 0.8989023 0.81362337
0 57 6.0 0.9986916 0.47896227 0.7420023 0.64717007 0.98998934
0 57 6.0 0.98845005 0.3940854 0.5070606 0.5566185 0.7067093
0 57 6.0 0.97408706 0.53600836 0.3252507 0.66366744 0.5066426
0 57 6.0 0.5779485 0.36745977 0.4412297 0.5218432 0.5744083
0 57 6.0 0.53860146 0.17252629 0.24731041 0.2359794 0.3168575
0 58 6.0 0.99928254 0.7270056 0.5822089 0.90167236 0.8180475
0 58 6.0 0.99770397 0.47762626 0.7452828 0.6545368 0.99221164
0 58 6.0 0.9788696 0.39335454 0.5048483 0.56028795 0.71014446
0 58 6.0 0.96400607 0.5385632 0.3278802 0.66563135 0.50848716
0 59 6.0 0.9995072 0.7313673 0.58794224 0.90762883 0.8266616
0 59 6.0 0.999102 0.4780095 0.7495272 0.6550915 0.9973105
0 59 6.0 0.97210497 0.39520338 0.5077467 0.5609866 0.7118697
0 59 6.0 0.96159005 0.54365444 0.32983643 0.6661029 0.5100341
0 59 6.0 0.54287535 0.34332478 0.4304912 0.47957498 0.59018767
0 60 6.0 0.9992366 0.47924128 0.75735176 0.65618056 0.9994159
0 60 6.0 0.9989261 0.7337195 0.5888324 0.91255325 0.8348901
0 60 6.0 0.95445806 0.39445007 0.5092453 0.56043404 0.7196423
0 60 6.0 0.94556296 0.5447509 0.33352625 0.6681925 0.5115391
0 60 6.0 0.61492646 0.36353457 0.44127303 0.5190775 0.585874
0 61 6.0 0.99881727 0.47945014 0.76899666 0.6597844 1.0019383
0 61 6.0 0.9981698 0.73621726 0.59403884 0.9156438 0.83736384
0 61 6.0 0.9794784 0.39938468 0.5202163 0.5607448 0.7181631
0 61 6.0 0.9507756 0.5482653 0.3372831 0.6686606 0.5121058
0 62 6.0 0.99765176 0.73565775 0.5980592 0.91567 0.8417618
0 62 6.0 0.9969137 0.48301038 0.77159137 0.6633909 1.0005181
0 62 6.0 0.9719519 0.40078482 0.5276867 0.5634924 0.72493124
0 62 6.0 0.95050484 0.5482456 0.3394819 0.6701415 0.51457083
0 63 6.0 0.9977799 0.73660475 0.6046671 0.9200863 0.84890157
0 63 6.0 0.99319696 0.48431477 0.78450006 0.66173506 0.9948408
0 63 6.0 0.9702389 0.40231133 0.5259196 0.5644067 0.72524065
0 63 6.0 0.9312085 0.54999995 0.33758396 0.6714103 0.5179996
0 63 6.0 0.5269436 0.16916777 0.24432074 0.23896782 0.32211897
0 64 6.0 0.998594 0.7417811 0.6076255 0.92065024 0.8554716
0 64 6.0 0.9912299 0.48481315 0.78770113 0.66634744 0.99435806
0 64 6.0 0.9713027 0.40535265 0.5373352 0.56393 0.7368683
0 64 6.0 0.95158565 0.5510321 0.33605364 0.67295724 0.5216464
0 64 6.0 0.5397003 0.16847754 0.24288037 0.2404398 0.32409832
0 65 6.0 0.99877495 0.7447069 0.61644423 0.9220405 0.8533702
0 65 6.0 0.98716533 0.4052968 0.5315112 0.56850415 0.739599
0 65 6.0 0.98207444 0.4851107 0.79657537 0.6632003 0.9957662
0 65 6.0 0.91670984 0.55142754 0.33887607 0.67422265 0.52263445
0 65 6.0 0.5075653 0.16931799 0.24402484 0.24067345 0.324563
0 66 6.0 0.99883944 0.7432141 0.6203854 0.9223545 0.8571416
0 66 6.0 0.9932903 0.50074923 0.7955754 0.6736443 1.000213
0 66 6.0 0.9771941 0.40892667 0.53695107 0.56730586 0.74197936
0 66 6.0 0.9329271 0.55164415 0.3412662 0.6757254 0.5258916
0 67 6.0 0.9962345 0.74452096 0.62320447 0.92450374 0.8626075
0 67 6.0 0.9909247 0.49380732 0.7992534 0.68071556 0.9999108
0 67 6.0 0.9868874 0.41286635 0.54095566 0.5700835 0.74611473
0 67 6.0 0.8675927 0.5530249 0.3417903 0.6768739 0.5278235
0 68 6.0 0.99749434 0.74783194 0.6293035 0.9235904 0.8650772
0 68 6.0 0.99478525 0.49641293 0.8053395 0.68143624 1.0002791
0 68 6.0 0.9867193 0.41184157 0.54310584 0.57152206 0.7483871
0 68 6.0 0.93247217 0.5527453 0.34682056 0.6790555 0.5300496
0 68 6.0 0.5806396 0.35446313 0.4755333 0.48362133 0.63240784
0 69 6.0 0.9960897 0.50078773 0.8087176 0.6807984 0.9991319
0 69 6.0 0.99347246 0.7447495 0.62639654 0.9282474 0.87179697
0 69 6.0 0.991574 0.41365027 0.546958 0.5703478 0.7537593
0 69 6.0 0.8146226 0.5547631 0.3465154 0.6843735 0.5302144
0 69 6.0 0.5758771 0.35608596 0.48101705 0.48137927 0.6322594
0 69 6.0 0.5303 0.3038675 0.32994223 0.4178135 0.48307484
0 70 6.0 0.9972556 0.5001664 0.81608456 0.67669034 0.9976414
0 70 6.0 0.99593216 0.4167982 0.5475391 0.57358533 0.7581043
0 70 6.0 0.9955788 0.7541613 0.62689924 0.9357433 0.87645614
0 70 6.0 0.6870612 0.35504574 0.46592054 0.48385066 0.6343893
0 70 6.0 0.63876206 0.5547378 0.34612146 0.6841544 0.5316738
0 71 6.0 0.99748 0.4168453 0.5489137 0.5765159 0.7616025
0 71 6.0 0.99564666 0.4974438 0.8225702 0.6771859 0.9949751
0 71 6.0 0.9921572 0.7553079 0.63251966 0.93660176 0.88456696
0 71 6.0 0.80414647 0.54807 0.33640426 0.68700725 0.5303645
0 71 6.0 0.6722265 0.35768548 0.46776947 0.48121938 0.6349889
0 72 6.0 0.9952415 0.75092256 0.6324887 0.94358313 0.89193773
0 72 6.0 0.9950304 0.41934317 0.5620575 0.57764995 0.7671026
0 72 6.0 0.9917452 0.49641526 0.8309725 0.68210256 0.9968174
0 72 6.0 0.95678556 0.5567886 0.34146827 0.69739586 0.52907395
0 72 6.0 0.6458988 0.3568832 0.4850734 0.4777942 0.64133745
0 73 6.0 0.99715626 0.42015135 0.55884075 0.57788587 0.7744893
0 73 6.0 0.9957099 0.76192856 0.641373 0.9506644 0.90032035
0 73 6.0 0.9900073 0.56026196 0.34082353 0.7005168 0.53331876
0 73 6.0 0.9897069 0.500016 0.84031016 0.68494725 1.0001731
0 73 6.0 0.6846691 0.3561414 0.47069842 0.4837126 0.644427
0 73 6.0 0.5068623 0.30961716 0.335124 0.4262886 0.48543492
0 74 6.0 0.9953874 0.7487597 0.63754714 0.9519227 0.90642905
0 74 6.0 0.99143386 0.42073888 0.5662042 0.5781923 0.77492166
0 74 6.0 0.98767686 0.49908036 0.84389323 0.68904454 1.0009829
0 74 6.0 0.9852727 0.5646642 0.3438836 0.7008899 0.5326437
0 74 6.0 0.5942293 0.35626265 0.483576 0.48007372 0.64324206
0 74 6.0 0.5800573 0.30758747 0.33769506 0.42658886 0.4940591
0 75 6.0 0.9973157 0.7660665 0.6478808 0.959825 0.90347564
0 75 6.0 0.9935661 0.42401433 0.57381463 0.5805845 0.78007424
0 75 6.0 0.9731232 0.497386 0.8490038 0.69229805 1.0007278
0 75 6.0 0.9686603 0.55487806 0.34004313 0.68690854 0.5366079
0 75 6.0 0.6976009 0.3534039 0.48574764 0.4834316 0.6474138
0 76 6.0 0.9986395 0.76688087 0.6591399 0.9609103 0.9067079
0 76 6.0 0.99340904 0.42576635 0.5809025 0.5818207 0.784504
0 76 6.0 0.98039585 0.49685544 0.8515479 0.6991511 1.0016215
0 76 6.0 0.96645385 0.55645627 0.34126446 0.689598 0.5375455
0 76 6.0 0.6800224 0.37127125 0.49787477 0.5046041 0.6469192
0 77 6.0 0.99832755 0.76576215 0.6616366 0.96454924 0.91313016
0 77 6.0 0.99593663 0.4275668 0.5754907 0.5837565 0.7876073
0 77 6.0 0.98107624 0.55967003 0.340231 0.692478 0.5416406
0 77 6.0 0.9705312 0.49769363 0.85925806 0.70139694 1.0011817
0 77 6.0 0.6978995 0.35501748 0.4836334 0.48673302 0.6494721
0 78 6.0 0.9960156 0.4311952 0.58626074 0.5868985 0.7962206
0 78 6.0 0.99539065 0.7672735 0.66178346 0.96512455 0.9202894
0 78 6.0 0.95617235 0.49992174 0.8622702 0.7023023 1.0017586
0 78 6.0 0.9374089 0.5602547 0.34157655 0.6927657 0.5426478
0 78 6.0 0.6942722 0.35549903 0.48410246 0.48249578 0.649365
0 79 6.0 0.9970937 0.43100375 0.5853429 0.5860205 0.7970804
0 79 6.0 0.9929427 0.765904 0.66674185 0.96629936 0.9304191
0 79 6.0 0.96546024 0.5615797 0.34427747 0.6953157 0.54233867
0 79 6.0 0.8918477 0.50310665 0.8680886 0.69994205 0.9992378
0 79 6.0 0.6640691 0.3579086 0.47936642 0.48549026 0.6494434
0 80 6.0 0.9979913 0.43320438 0.58720917 0.5880154 0.79880494
0 80 6.0 0.99747354 0.76680905 0.678139 0.9740798 0.93251276
0 80 6.0 0.96137047 0.56374574 0.34863448 0.69679666 0.5424515
0 80 6.0 0.84588 0.50092083 0.8738709 0.695558 1.001543
0 80 6.0 0.77322483 0.37344074 0.48608065 0.507632 0.65041065
0 81 6.0 0.9990087 0.43128714 0.578513 0.59388894 0.80127585
0 81 6.0 0.9968274 0.7691596 0.6789745 0.9757357 0.9383211
0 81 6.0 0.9769157 0.566056 0.35306352 0.69926095 0.5424333
0 81 6.0 0.85354 0.3703002 0.48113823 0.50718987 0.65200734
0 81 6.0 0.794821 0.51131403 0.87926686 0.6973835 1.0016241
0 82 6.0 0.9991954 0.42863035 0.57974327 0.5971645 0.80537796
0 82 6.0 0.9937882 0.768962 0.6814204 0.97816443 0.94726485
0 82 6.0 0.96185404 0.56802744 0.35194582 0.69793147 0.54505473
0 82 6.0 0.6992167 0.37077838 0.4841373 0.5084133 0.6495942
0 82 6.0 0.6075228 0.5173304 0.8907319 0.69733226 1.0046915
0 83 6.0 0.9996526 0.430765 0.57875186 0.5984179 0.8129565
0 83 6.0 0.9945456 0.7721567 0.68700075 0.9830587 0.9520689
0 83 6.0 0.95095706 0.5688527 0.3538495 0.70290154 0.5461663
0 83 6.0 0.6037451 0.37484452 0.4936276 0.50266767 0.6522854
0 83 6.0 0.5512595 0.52244496 0.90165365 0.69529784 1.000816
0 84 6.0 0.9993025 0.43157914 0.58217084 0.6018149 0.82155657
0 84 6.0 0.99203414 0.7771342 0.6914197 0.98301446 0.9595591
0 84 6.0 0.9679524 0.56855947 0.35559338 0.7060799 0.5496431
0 84 6.0 0.79007715 0.37206474 0.48182163 0.51082134 0.6531916
0 84 6.0 0.6326486 0.5183368 0.90620553 0.69403577 1.0018865
0 85 6.0 0.99933726 0.4322478 0.584214 0.60071856 0.82724965
0 85 6.0 0.99195695 0.7786864 0.6800494 0.9814626 0.9619204
0 85 6.0 0.9617357 0.56942964 0.359968 0.7096052 0.5531504
0 85 6.0 0.7950023 0.37206733 0.5069275 0.5156943 0.6760564
0 85 6.0 0.5521917 0.5210771 0.9101926 0.69543713 1.0024651
0 85 6.0 0.51414275 0.3201066 0.36850232 0.45223078 0.52241695
0 86 6.0 0.99941313 0.4364239 0.59706134 0.60083866 0.83189946
0 86 6.0 0.99352914 0.7857766 0.6864184 0.9845413 0.9626869
0 86 6.0 0.92457116 0.5801703 0.3665474 0.71466696 0.5603624
0 86 6.0 0.85831606 0.37252787 0.5024169 0.51592016 0.681053
0 86 6.0 0.6576439 0.31484127 0.36464605 0.45300812 0.5306586
0 87 6.0 0.9981805 0.43791813 0.60610586 0.60204417 0.8367823
0 87 6.0 0.9874987 0.7878276 0.6906539 0.98787165 0.9693053
0 87 6.0 0.9598547 0.5841577 0.36993676 0.7176124 0.5632249
0 87 6.0 0.9159444 0.3703507 0.49816167 0.51454943 0.68523216
0 87 6.0 0.5511071 0.31412268 0.37427425 0.45741272 0.5237912
0 88 6.0 0.9972174 0.43904838 0.6033921 0.6005465 0.83910286
0 88 6.0 0.99299765 0.7899782 0.6992648 0.9893642 0.9759801
0 88 6.0 0.9690759 0.5851791 0.3714272 0.71872246 0.5656832
0 88 6.0 0.9190385 0.37413114 0.49854073 0.51980907 0.68481064
0 88 6.0 0.69041055 0.31370112 0.36361632 0.45113197 0.5284555
0 89 6.0 0.99523985 0.4415582 0.6102303 0.6016388 0.84187376
0 89 6.0 0.97752213 0.788555 0.7026282 0.9905369 0.97777826
0 89 6.0 0.9319967 0.5863893 0.36845392 0.72067356 0.5688948
0 89 6.0 0.9242209 0.37607095 0.5093448 0.52484155 0.689934
0 90 6.0 0.98963964 0.44116786 0.6114325 0.6077827 0.8518798
0 90 6.0 0.98858136 0.79094136 0.7175596 0.9916072 0.98292994
0 90 6.0 0.98176205 0.5888957 0.3705986 0.72112167 0.5697963
0 90 6.0 0.9400515 0.37668306 0.49772966 0.5210785 0.69409454
0 90 6.0 0.5409144 0.31438237 0.37226045 0.4513392 0.5343059
0 91 6.0 0.9931852 0.4446642 0.62129766 0.6087614 0.8523975
0 91 6.0 0.98885417 0.7896614 0.7262131 1.0054164 0.99045134
0 91 6.0 0.9812912 0.58918697 0.37101293 0.7241716 0.57617
0 91 6.0 0.94620746 0.3781277 0.50926733 0.51904494 0.69994426
0 91 6.0 0.5368884 0.31113082 0.36792326 0.4488312 0.52992827
0 92 6.0 0.9946523 0.4438299 0.62176484 0.61041737 0.8556352
0 92 6.0 0.9931345 0.5921186 0.37755898 0.7264986 0.5824009
0 92 6.0 0.9922862 0.78945124 0.7276989 1.0073485 0.9920026
0 92 6.0 0.92908293 0.37875766 0.50071496 0.51469254 0.70410854
0 93 6.0 0.99855214 0.4459518 0.623626 0.61314905 0.86365116
0 93 6.0 0.98137474 0.78855306 0.72943246 1.0084778 0.99487066
0 93 6.0 0.9637017 0.59566647 0.3834706 0.7261761 0.58585304
0 93 6.0 0.9017644 0.37629142 0.50935614 0.5181927 0.7024704
0 94 6.0 0.9982843 0.44560623 0.62609947 0.6145661 0.8679205
0 94 6.0 0.9896241 0.7923729 0.73201984 1.0072963 0.99520427
0 94 6.0 0.93529034 0.59512323 0.38463557 0.7276276 0.5985756
0 94 6.0 0.92832005 0.38040584 0.5094707 0.5227561 0.70335865
0 94 6.0 0.6687271 0.3168836 0.36627865 0.45154133 0.53913605
0 95 6.0 0.99895656 0.4440723 0.6235136 0.6153924 0.874277
0 95 6.0 0.99348325 0.7954605 0.73819625 0.9993023 0.99847484
0 95 6.0 0.9464999 0.3859504 0.51804954 0.5288231 0.704192
0 95 6.0 0.8985633 0.5952914 0.38353783 0.73063326 0.598844
0 95 6.0 0.7404111 0.3136004 0.3652162 0.4474958 0.53553486
0 96 6.0 0.9974159 0.44010627 0.6308959 0.616122 0.8794305
0 96 6.0 0.9946026 0.7950677 0.74243236 0.99943393 0.9996706
0 96 6.0 0.9294597 0.5965882 0.3831415 0.73197335 0.6055373
0 96 6.0 0.87394863 0.38268566 0.5283529 0.5173223 0.71181434
0 97 6.0 0.99880576 0.44012636 0.63084185 0.61905605 0.88493884
0 97 6.0 0.99257797 0.80092365 0.7459558 0.9968893 1.0082735
0 97 6.0 0.98870254 0.5980098 0.3817563 0.73443973 0.5872998
0 97 6.0 0.8526742 0.38617575 0.52749926 0.53620756 0.71100336
0 97 6.0 0.5536695 0.31943408 0.37361482 0.4471523 0.5365279
0 98 6.0 0.99935037 0.43923545 0.63175917 0.61988354 0.8889359
0 98 6.0 0.9943605 0.60100967 0.38240495 0.7383234 0.59472084
0 98 6.0 0.98908234 0.80341804 0.7513836 0.9964129 1.0034994
0 98 6.0 0.86821586 0.38925636 0.53392756 0.5243616 0.7229421
0 98 6.0 0.64231235 0.31957623 0.37460047 0.44528183 0.54186475
0 99 6.0 0.9989981 0.4386132 0.6392871 0.6247783 0.89512885
0 99 6.0 0.99480754 0.8138927 0.7563008 0.9966221 1.0003848
0 99 6.0 0.95980936 0.5997533 0.3820218 0.73896843 0.5955843
0 99 6.0 0.93098515 0.3892187 0.5230685 0.52945834 0.7248725
0 99 6.0 0.51654166 0.32067937 0.37632096 0.44730544 0.5344025
0 100 6.0 0.99930716 0.43775314 0.642373 0.626625 0.9008252
0 100 6.0 0.9952922 0.8181835 0.7637344 0.9968075 0.99651533
0 100 6.0 0.97481513 0.38853735 0.52756137 0.5286657 0.73292726
0 100 6.0 0.9304077 0.6000415 0.3825832 0.7421237 0.5983409
0 100 6.0 0.5025069 0.32385406 0.38651952 0.44872823 0.5348853
0 101 6.0 0.99927014 0.4410506 0.6507004 0.62729913 0.9052833
0 101 6.0 0.99589384 0.8161294 0.77002174 0.99936825 0.9966039
0 101 6.0 0.96594495 0.6019184 0.38441965 0.74526197 0.59857297
0 101 6.0 0.9477224 0.3925132 0.5239377 0.5344222 0.7358409
0 101 6.0 0.6829532 0.32379836 0.37384 0.44971037 0.54436743
0 102 6.0 0.9994286 0.4422845 0.66171634 0.6313646 0.9123579
0 102 6.0 0.9925402 0.8172854 0.7734519 0.9957806 0.9933331
0 102 6.0 0.9923906 0.60500264 0.38486728 0.7493627 0.6007415
0 102 6.0 0.788798 0.39713192 0.55600494 0.5410347 0.7427649
0 102 6.0 0.5375716 0.3302411 0.38537583 0.44644138 0.5544443
0 103 6.0 0.9995328 0.44358972 0.66751015 0.63173306 0.9134078
0 103 6.0 0.9840509 0.60829663 0.38638029 0.75031984 0.6006813
0 103 6.0 0.981875 0.8187068 0.78115577 0.9966137 0.99015254
0 103 6.0 0.74789745 0.39455733 0.5517262 0.54153466 0.7424449
0 104 6.0 0.9986934 0.44092792 0.6642562 0.63113004 0.9210087
0 104 6.0 0.99012756 0.60831845 0.38757098 0.7509562 0.60497814
0 104 6.0 0.9852014 0.8210022 0.7825916 0.9974311 0.99132526
0 104 6.0 0.8727103 0.39926803 0.5413176 0.5503498 0.7511798
0 104 6.0 0.6655995 0.33142006 0.3918957 0.44904006 0.55488026
0 105 6.0 0.99853575 0.43920875 0.6713291 0.63199437 0.93025297
0 105 6.0 0.9926312 0.8229275 0.79093033 0.9961351 0.996936
0 105 6.0 0.98566365 0.6117527 0.38981307 0.7557681 0.60940385
0 105 6.0 0.86276525 0.39991617 0.5390125 0.5578086 0.7512012
0 105 6.0 0.62851024 0.33370826 0.38644922 0.451678 0.55750185
0 106 6.0 0.99932265 0.44526562 0.6796492 0.6333988 0.9333764
0 106 6.0 0.9908757 0.8305482 0.79808074 0.99843615 1.0000232
0 106 6.0 0.9600059 0.6108834 0.392434 0.75686806 0.6123661
0 106 6.0 0.95797 0.40168154 0.53530395 0.5650457 0.7535769
0 107 6.0 0.9995259 0.44748473 0.6821834 0.63543665 0.94442785
0 107 6.0 0.9906461 0.8284839 0.80009276 1.001143 1.0012822
0 107 6.0 0.9712036 0.6115147 0.3967871 0.76356184 0.6168552
0 107 6.0 0.93810606 0.40139896 0.54828507 0.56348854 0.7561576
0 107 6.0 0.6858119 0.3335065 0.39712685 0.4554651 0.56652415
0 108 6.0 0.99936706 0.4536283 0.6898522 0.6360489 0.9483617
0 108 6.0 0.99114555 0.8353876 0.8067621 1.00112 1.0010706
0 108 6.0 0.9895836 0.6113703 0.4009623 0.7653353 0.6220179
0 108 6.0 0.9605547 0.40208477 0.54349154 0.56461453 0.7509518
0 108 6.0 0.73343754 0.33353627 0.3941967 0.45637238 0.57305783
0 109 6.0 0.9988464 0.45276427 0.6982365 0.6357764 0.9505436
0 109 6.0 0.99084705 0.8383391 0.80945164 1.0015448 1.0000292
0 109 6.0 0.982248 0.60700834 0.40618375 0.76003635 0.62291896
0 109 6.0 0.95718473 0.4052438 0.556903 0.5670275 0.7494488
0 109 6.0 0.66118735 0.33606747 0.40761793 0.4574261 0.5741773
0 110 6.0 0.99936503 0.45455292 0.7012573 0.64098966 0.9569612
0 110 6.0 0.9866284 0.8350482 0.81356275 1.0011052 1.0022194
0 110 6.0 0.98017764 0.60898143 0.40877613 0.7624956 0.6234771
0 110 6.0 0.95415694 0.40347338 0.559054 0.565819 0.76141167
0 110 6.0 0.74386966 0.33818486 0.40395114 0.45649198 0.5735903
0 111 6.0 0.99942434 0.4611737 0.7070293 0.6398503 0.96384984
0 111 6.0 0.9847878 0.83835864 0.82313997 1.00264 0.9971381
0 111 6.0 0.9799716 0.6105605 0.40967858 0.7645028 0.628644
0 111 6.0 0.901642 0.406963 0.5710737 0.5665695 0.7695429
0 111 6.0 0.7749224 0.33644557 0.40270928 0.457586 0.5730975
0 112 6.0 0.99911124 0.4592743 0.72543913 0.63604236 0.96378094
0 112 6.0 0.9738279 0.83543587 0.82890195 1.0021094 0.9968969
0 112 6.0 0.96602726 0.61287683 0.4105011 0.76914424 0.63523334
0 112 6.0 0.9169486 0.40946636 0.5669009 0.5693728 0.7697286
0 112 6.0 0.78845495 0.338637 0.40809944 0.4590538 0.572346
0 113 6.0 0.9991565 0.46094388 0.7307626 0.63688964 0.96956086
0 113 6.0 0.98963916 0.6136318 0.4140409 0.77247316 0.64052165
0 113 6.0 0.96558774 0.40988994 0.5638665 0.5699967 0.7783679
0 113 6.0 0.95869774 0.8350726 0.83659434 1.0015061 0.99713063
0 113 6.0 0.6457534 0.3416469 0.43493742 0.46728188 0.5754171
0 114 6.0 0.9995332 0.45925742 0.71592635 0.64159185 0.9764896
0 114 6.0 0.9954145 0.61840636 0.41558734 0.773681 0.64721155
0 114 6.0 0.97762555 0.41162926 0.5699166 0.57201993 0.7822131
0 114 6.0 0.8547558 0.8326186 0.8397059 1.0022086 1.0060669
0 114 6.0 0.7357246 0.34106854 0.42730397 0.46160874 0.5820015
0 115 6.0 0.9984084 0.46273544 0.72675985 0.6411449 0.98015183
0 115 6.0 0.99381363 0.6212588 0.41973087 0.7758654 0.6502388
0 115 6.0 0.9387082 0.41291934 0.5788665 0.57150555 0.7725465
0 115 6.0 0.8786432 0.34513175 0.41901556 0.47540194 0.58854234
0 115 6.0 0.80255574 0.83324635 0.844295 1.0015283 1.0093366
0 116 6.0 0.99887913 0.46211347 0.7258966 0.6465346 0.9855287
0 116 6.0 0.99493575 0.6250557 0.4219331 0.7770599 0.65121466
0 116 6.0 0.95826185 0.41686133 0.5904746 0.57530886 0.7961303
0 116 6.0 0.8964955 0.8360404 0.8487443 0.9990727 0.99933755
0 116 6.0 0.88888603 0.33672094 0.4174943 0.4648624 0.59225523
0 117 6.0 0.997607 0.46816474 0.7274432 0.646293 0.9866451
0 117 6.0 0.98186433 0.6287434 0.42802286 0.7760557 0.65587425
0 117 6.0 0.9513151 0.41636148 0.58266264 0.5707356 0.79832774
0 117 6.0 0.8832695 0.33944428 0.41128182 0.47393525 0.59787655
0 117 6.0 0.7568368 0.83533484 0.85785353 0.9982851 1.0044777
0 118 6.0 0.99870515 0.4655612 0.7324207 0.6517183 0.99501574
0 118 6.0 0.9753807 0.6355587 0.43221134 0.7776551 0.65537864
0 118 6.0 0.9492391 0.41680303 0.5852285 0.5710619 0.79742306
0 118 6.0 0.8516256 0.33999267 0.41678792 0.47373804 0.60161144
0 118 6.0 0.6103453 0.8387056 0.86055565 0.99905425 1.0067058
0 119 6.0 0.9971073 0.46782884 0.7363553 0.651176 0.9907863
0 119 6.0 0.9860956 0.6357635 0.4340304 0.7807566 0.65525687
0 119 6.0 0.9679578 0.41655606 0.5859613 0.5745338 0.80153626
0 119 6.0 0.93475693 0.33759272 0.40924042 0.48022604 0.60570353
0 120 6.0 0.99773175 0.46834856 0.73975426 0.65048105 0.9945052
0 120 6.0 0.98794633 0.63729626 0.43537775 0.78334695 0.65915126
0 120 6.0 0.98677504 0.41967323 0.58652395 0.57796353 0.8056981
0 120 6.0 0.9635267 0.34167674 0.41023427 0.48029098 0.6067646
0 121 6.0 0.99777454 0.47184297 0.73787826 0.6500264 0.9924261
0 121 6.0 0.99632406 0.4218001 0.5857006 0.5835568 0.80996186
0 121 6.0 0.98637134 0.6417605 0.42628014 0.7841756 0.65526867
0 121 6.0 0.9491196 0.3402319 0.4145738 0.479658 0.606768
0 122 6.0 0.99570686 0.47442105 0.7524526 0.649887 0.99559
0 122 6.0 0.99228466 0.42111748 0.5914681 0.5865049 0.81649387
0 122 6.0 0.9907821 0.6408601 0.42943344 0.7841121 0.656205
0 122 6.0 0.9509757 0.33853358 0.41664726 0.47973663 0.6098198
0 122 6.0 0.5339098 0.24735023 0.2519663 0.32842225 0.3350603
0 123 6.0 0.99403 0.42160735 0.5984937 0.5849874 0.8161682
0 123 6.0 0.99210525 0.6460507 0.43314406 0.7870908 0.66139126
0 123 6.0 0.9826401 0.47285005 0.7661029 0.6521783 0.9957185
0 123 6.0 0.91505826 0.33693835 0.4148439 0.48081127 0.6147456
0 124 5.0 0.5407729 0.6416727 0.4322564 0.7929762 0.6619647
0 124 6.0 0.98332065 0.47832528 0.7650736 0.65289074 0.9977918
0 124 6.0 0.9601876 0.6462235 0.44092187 0.7904807 0.6686981
0 124 6.0 0.93526125 0.42561278 0.6075637 0.583568 0.8077641
0 124 6.0 0.90305597 0.33862972 0.4175494 0.48324 0.618886
0 124 6.0 0.5480004 0.24150671 0.24835655 0.32813695 0.3346589
0 125 5.0 0.6185588 0.64683914 0.4352332 0.7949933 0.66538215
0 125 6.0 0.9840925 0.42573288 0.6123244 0.58673126 0.8281539
0 125 6.0 0.9783071 0.4816327 0.76683116 0.65458953 1.0010488
0 125 6.0 0.92822737 0.6516346 0.44066447 0.7953166 0.66154927
0 125 6.0 0.8686241 0.33667636 0.4334551 0.47273815 0.62254
0 125 6.0 0.5406692 0.2398541 0.24489212 0.33206236 0.33674943
0 126 5.0 0.69131446 0.64579344 0.439336 0.7972523 0.66989714
0 126 6.0 0.9945486 0.4269371 0.60802627 0.58701193 0.83746004
0 126 6.0 0.9830657 0.47801313 0.77128994 0.65995085 1.0056242
0 126 6.0 0.9581307 0.6489305 0.4464333 0.79812104 0.6680263
0 126 6.0 0.8887009 0.33499768 0.43053198 0.47802886 0.6240524
0 126 6.0 0.55787635 0.24087699 0.24921514 0.330982 0.33732802
0 127 6.0 0.9978417 0.6499387 0.44454077 0.7982931 0.6773882
0 127 6.0 0.9906741 0.4274836 0.6177823 0.589683 0.8371549
0 127 6.0 0.93220717 0.4797669 0.7797457 0.66268903 1.0063189
0 127 6.0 0.9024253 0.34089112 0.44166052 0.48775005 0.6244149
0 127 6.0 0.54514176 0.24236026 0.25191772 0.3286657 0.3364768
0 128 6.0 0.99370366 0.42944348 0.6222581 0.59294426 0.840645
0 128 6.0 0.9923888 0.64841866 0.4494914 0.8049896 0.68117654
0 128 6.0 0.97606224 0.47872674 0.78484637 0.66168594 1.0045849
0 128 6.0 0.8938266 0.3387562 0.4402606 0.48840785 0.6286054
0 128 6.0 0.51339227 0.2358862 0.25106514 0.32698 0.33363837
0 129 6.0 0.99671704 0.42689544 0.620794 0.58538526 0.85913545
0 129 6.0 0.9922644 0.6499369 0.44938225 0.80955005 0.68448037
0 129 6.0 0.9692403 0.4822462 0.79198223 0.66317 1.0026939
0 129 6.0 0.9685994 0.33798528 0.4330617 0.4917392 0.6340498
0 130 6.0 0.99366015 0.42988575 0.6242653 0.5883293 0.8625171
0 130 6.0 0.98117054 0.48539504 0.7952309 0.66219795 0.99779576
0 130 6.0 0.97640425 0.33599076 0.43020457 0.49234465 0.64031917
0 130 6.0 0.9581266 0.652074 0.4585795 0.8060076 0.69609857
0 131 5.0 0.61237365 0.6573146 0.456785 0.80426174 0.68190587
0 131 6.0 0.988566 0.42917764 0.62559354 0.58637357 0.86985826
0 131 6.0 0.9833355 0.48629197 0.79810333 0.66383415 0.9975302
0 131 6.0 0.97294444 0.34152082 0.432146 0.49275282 0.6387716
0 131 6.0 0.80489707 0.6557552 0.45643622 0.8086564 0.6912504
0 131 6.0 0.51924163 0.23016681 0.24273486 0.32880533 0.33454877
0 132 6.0 0.99804175 0.43127745 0.6321347 0.59248346 0.87533176
0 132 6.0 0.9781567 0.4861893 0.7986192 0.6641237 0.9978749
0 132 6.0 0.93300563 0.34434238 0.43461114 0.4966565 0.6432622
0 132 6.0 0.9141457 0.65658545 0.4601766 0.81177986 0.69630814
0 133 6.0 0.9966474 0.43373093 0.63238657 0.59885675 0.8796568
0 133 6.0 0.98942345 0.3444586 0.43748587 0.49873576 0.64795667
0 133 6.0 0.97916096 0.6621381 0.46547335 0.8140384 0.7016913
0 133 6.0 0.95728487 0.48366752 0.8040501 0.66548944 0.9954555
0 134 6.0 0.9975757 0.43577304 0.6315236 0.60129064 0.8837638
0 134 6.0 0.99325013 0.34516728 0.43230382 0.5012464 0.65258765
0 134 6.0 0.9773792 0.6625353 0.46819314 0.8182365 0.7035229
0 134 6.0 0.9432605 0.48288012 0.80893064 0.6677749 0.99414015
0 135 6.0 0.9941386 0.43791145 0.6376886 0.60849994 0.89286464
0 135 6.0 0.9920391 0.34483513 0.4342542 0.5053365 0.65289795
0 135 6.0 0.9736545 0.6627363 0.4710113 0.8203944 0.7040559
0 135 6.0 0.8884194 0.4785151 0.8168685 0.66942877 0.9932892
0 136 6.0 0.9885005 0.66391903 0.4746272 0.8237578 0.7047127
0 136 6.0 0.9866421 0.43890285 0.63916075 0.609166 0.89140284
0 136 6.0 0.9850957 0.3445713 0.43155944 0.50807405 0.6537411
0 136 6.0 0.8686744 0.47747603 0.82375246 0.6792923 0.99655527
0 137 6.0 0.9920476 0.6632972 0.4767217 0.8258357 0.7060241
0 137 6.0 0.99112517 0.34538502 0.43977672 0.5090954 0.6596293
0 137 6.0 0.9890777 0.4404928 0.6425925 0.61676675 0.89634424
0 137 6.0 0.8560618 0.4842923 0.8320398 0.68324494 0.99653107
0 138 6.0 0.99629766 0.34344432 0.44037932 0.5105095 0.6610512
0 138 6.0 0.98146653 0.4435779 0.6499666 0.61147475 0.8996117
0 138 6.0 0.97824425 0.6703951 0.47867215 0.8290083 0.70774806
0 138 6.0 0.80023813 0.4862511 0.836907 0.684017 0.9980346
0 139 6.0 0.99663264 0.34443903 0.4406832 0.5121775 0.66350573
0 139 6.0 0.97509277 0.439708 0.66106904 0.61533344 0.88911045
0 139 6.0 0.9613679 0.6702492 0.48022014 0.83183587 0.7131873
0 139 6.0 0.9099126 0.4861357 0.84340763 0.68608457 1.0001585
0 140 6.0 0.9972806 0.6700952 0.48156166 0.83486545 0.721012
0 140 6.0 0.9941409 0.34662908 0.4427461 0.51065284 0.66752106
0 140 6.0 0.987651 0.44314307 0.6639238 0.6146237 0.893313
0 140 6.0 0.8535096 0.48597997 0.846907 0.6912256 1.0007551
0 141 6.0 0.9975241 0.34702206 0.44472498 0.51353717 0.6676747
0 141 6.0 0.992195 0.6791171 0.48530114 0.83500206 0.7258655
0 141 6.0 0.98480725 0.44420844 0.6707076 0.6209385 0.9022875
0 141 6.0 0.881771 0.48821843 0.85320634 0.6866406 1.0017631
0 142 6.0 0.9968464 0.34686717 0.4480973 0.5105119 0.6752103
0 142 6.0 0.99089605 0.6801189 0.48692822 0.8362894 0.7257978
0 142 6.0 0.98848397 0.44373548 0.6797742 0.6206205 0.9041074
0 142 6.0 0.8880274 0.48868412 0.85619515 0.6892114 1.0022302
0 142 6.0 0.57884717 0.2260679 0.24662308 0.32785022 0.34022197
0 143 6.0 0.9961404 0.3430047 0.459368 0.49541533 0.67251897
0 143 6.0 0.98892224 0.68345 0.4925956 0.840001 0.7370449
0 143 6.0 0.9681396 0.4459595 0.6891457 0.6227376 0.90107775
0 143 6.0 0.79113525 0.49145213 0.8586128 0.6824695 1.0020268
0 143 6.0 0.6499377 0.23051696 0.24071771 0.33494085 0.34139305
0 144 6.0 0.9961063 0.342417 0.46016252 0.49694026 0.67608607
0 144 6.0 0.99233997 0.45130304 0.68046737 0.62034285 0.9171983
0 144 6.0 0.9896979 0.6844296 0.4972388 0.84735864 0.7419295
0 144 6.0 0.7828046 0.4873664 0.86035615 0.6825776 1.0022613
0 144 6.0 0.67291415 0.22895838 0.24285081 0.33548632 0.33954284
0 145 6.0 0.99481356 0.344098 0.46347374 0.500419 0.67757434
0 145 6.0 0.9902535 0.44889006 0.68397886 0.62387776 0.91632587
0 145 6.0 0.9847712 0.684954 0.49893636 0.84959525 0.75255567
0 145 6.0 0.7230151 0.4873556 0.85621893 0.6786972 1.0015924
0 145 6.0 0.6582956 0.22265239 0.24184813 0.33822036 0.34007823
0 146 5.0 0.830928 0.6875982 0.49916142 0.8457041 0.7356923
0 146 6.0 0.99353164 0.34953725 0.46883368 0.50405705 0.6856153
0 146 6.0 0.9860941 0.4549331 0.69665277 0.6217831 0.9341316
0 146 6.0 0.8961202 0.68851095 0.50430954 0.8464468 0.75012314
0 146 6.0 0.68174756 0.22366148 0.23629478 0.3376469 0.3426858
0 146 6.0 0.55388945 0.5064914 0.8781337 0.68306804 1.0063899
0 147 6.0 0.9967018 0.44990593 0.69708943 0.6258679 0.94893277
0 147 6.0 0.9912409 0.34644753 0.46756226 0.5037812 0.68885607
0 147 6.0 0.98591274 0.6897715 0.5077833 0.8545361 0.75426304
0 147 6.0 0.678854 0.22277336 0.23869666 0.3376586 0.34431705
0 148 6.0 0.99701655 0.69275445 0.51397824 0.85612696 0.75717354
0 148 6.0 0.9933495 0.34869182 0.46559247 0.5058704 0.69584656
0 148 6.0 0.98648316 0.45995808 0.7049557 0.63765395 0.9499816
0 148 6.0 0.666857 0.22355776 0.23355353 0.34090477 0.34499353
0 149 6.0 0.9975036 0.45511204 0.70317787 0.63886875 0.97381896
0 149 6.0 0.9956215 0.3510266 0.4752773 0.5069831 0.6974015
0 149 6.0 0.9716822 0.6981487 0.5147496 0.8574356 0.7583533
0 149 6.0 0.6667871 0.2244725 0.23177707 0.339726 0.34283698
0 150 5.0 0.63206214 0.69934624 0.52539504 0.8591029 0.75548804
0 150 6.0 0.9982717 0.35168236 0.47217593 0.5079062 0.70366246
0 150 6.0 0.995344 0.45791218 0.6978359 0.6441183 0.97549546
0 150 6.0 0.71709 0.22607575 0.23295738 0.33848032 0.3449231
0 150 6.0 0.6352876 0.70053786 0.5180117 0.85949904 0.7621517
0 151 5.0 0.63277215 0.7023187 0.5239938 0.85767895 0.7589242
0 151 6.0 0.9984749 0.35424352 0.47444457 0.50963455 0.70461184
0 151 6.0 0.99842787 0.46155518 0.70994055 0.6422369 0.98165977
0 151 6.0 0.6385482 0.22288531 0.23728055 0.3368132 0.34765613
0 151 6.0 0.5319938 0.70228505 0.51955914 0.85805404 0.76604366
0 152 6.0 0.9981571 0.3559855 0.47498348 0.5118332 0.70980906
0 152 6.0 0.99730754 0.46270603 0.71445566 0.64186114 0.9752467
0 152 6.0 0.7502073 0.70278853 0.5179837 0.8656302 0.772529
0 152 6.0 0.6321981 0.22175941 0.24236166 0.3375406 0.34808624
0 153 6.0 0.9989569 0.35978228 0.47860783 0.5110642 0.7099722
0 153 6.0 0.9960892 0.4604983 0.7176745 0.6454767 0.97905946
0 153 6.0 0.91950095 0.70381427 0.5245786 0.8665397 0.76817393
0 153 6.0 0.6782649 0.2234703 0.23950942 0.33716795 0.34967846
0 154 6.0 0.99940896 0.36259767 0.4815629 0.5120478 0.7137075
0 154 6.0 0.99103045 0.46892554 0.72325206 0.6461846 0.9837719
0 154 6.0 0.9825518 0.7114284 0.5302637 0.87000954 0.7696361
0 154 6.0 0.67963254 0.22429709 0.23959896 0.33851898 0.3492175
0 155 6.0 0.9994461 0.36535728 0.4816065 0.5171253 0.7150866
0 155 6.0 0.99580836 0.46843132 0.72289586 0.65402716 0.9829582
0 155 6.0 0.953854 0.71032137 0.53184986 0.8703932 0.77748585
0 155 6.0 0.7062293 0.22532347 0.24349758 0.33865276 0.34808382
0 156 6.0 0.99963224 0.36529154 0.48476595 0.5164738 0.71836776
0 156 6.0 0.99587387 0.46818227 0.72885114 0.6500514 0.985627
0 156 6.0 0.9688339 0.70962745 0.53441614 0.87255687 0.7824363
0 156 6.0 0.6763475 0.22449164 0.24539419 0.3377051 0.3444588
0 157 6.0 0.9998388 0.36399573 0.4858029 0.5192156 0.72497904
0 157 6.0 0.99656135 0.46998256 0.7313062 0.655438 0.9849633
0 157 6.0 0.9716303 0.70885223 0.5368905 0.8762328 0.79033494
0 157 6.0 0.6471407 0.22406659 0.24585879 0.33857968 0.34550434
0 158 6.0 0.9997794 0.36607784 0.48998642 0.5213782 0.72870684
0 158 6.0 0.9953526 0.7071541 0.53968686 0.88142234 0.79644734
0 158 6.0 0.99514526 0.47328162 0.740886 0.6604848 0.9928287
0 158 6.0 0.6035812 0.2227094 0.24980569 0.3410924 0.3514176
0 159 6.0 0.99979526 0.3681162 0.4918755 0.52149755 0.7402179
0 159 6.0 0.9956512 0.7088666 0.54374355 0.88466024 0.8009909
0 159 6.0 0.9841891 0.47465852 0.750034 0.6569247 0.9886526
0 159 6.0 0.65187657 0.22771223 0.2523338 0.33963835 0.35119137
0 160 6.0 0.9998859 0.36776286 0.49042374 0.5231938 0.7474646
0 160 6.0 0.99619824 0.47606182 0.75362414 0.65213346 0.9898562
0 160 6.0 0.9915638 0.71025836 0.5445489 0.8861439 0.8014037
0 160 6.0 0.72770435 0.22752431 0.2523974 0.3392569 0.34950885
0 161 6.0 0.999713 0.36698198 0.49453074 0.52478534 0.75525826
0 161 6.0 0.99853957 0.47231668 0.75547445 0.65127105 0.9962777
0 161 6.0 0.9945075 0.713069 0.5493252 0.88966125 0.80581737
0 161 6.0 0.7839919 0.22481427 0.25137225 0.33907273 0.35438958
0 162 6.0 0.9990872 0.36909583 0.50260687 0.5265424 0.75925446
0 162 6.0 0.9952819 0.47383273 0.76336783 0.6516944 0.99321705
0 162 6.0 0.9937151 0.71565056 0.5527718 0.8919623 0.8068204
0 162 6.0 0.7984764 0.22417536 0.2507648 0.3410537 0.35753483
0 163 6.0 0.9988488 0.36822522 0.51058304 0.5304188 0.7637565
0 163 6.0 0.99810827 0.47565696 0.77264374 0.6498616 0.9959716
0 163 6.0 0.94894713 0.7201688 0.5606934 0.8934512 0.81399727
0 163 6.0 0.7875564 0.22629371 0.25439447 0.34231403 0.35600996
0 164 6.0 0.9985442 0.36447722 0.505962 0.5286728 0.7581551
0 164 6.0 0.9972421 0.47723335 0.7803078 0.6494265 0.99413425
0 164 6.0 0.96766305 0.7219542 0.57557297 0.89846015 0.8151083
0 164 6.0 0.80367225 0.22698334 0.25593114 0.3417513 0.3538108
0 165 6.0 0.9988933 0.47703916 0.7856289 0.65427953 0.9981272
0 165 6.0 0.99880147 0.37132636 0.5172725 0.52830374 0.7601539
0 165 6.0 0.9408695 0.72378886 0.5807458 0.90086114 0.82440305
0 165 6.0 0.77100444 0.22712195 0.25669584 0.34024316 0.36031082
0 166 5.0 0.58722293 0.72650385 0.58073694 0.90879 0.8288489
0 166 6.0 0.9993017 0.36879516 0.51805896 0.53137964 0.76424366
0 166 6.0 0.99717975 0.47784042 0.7941118 0.6562238 1.0003076
0 166 6.0 0.7692944 0.72642154 0.57773834 0.9062434 0.8395303
0 166 6.0 0.74832 0.22814535 0.2590484 0.3401144 0.36098105
0 167 5.0 0.8271437 0.72426695 0.5758974 0.90974206 0.83919984
0 167 6.0 0.99873513 0.36916095 0.5209397 0.5324657 0.7679951
0 167 6.0 0.9976794 0.47613084 0.79890203 0.6563753 0.9999689
0 167 6.0 0.76384026 0.22894205 0.25817806 0.3417796 0.3605256
0 167 6.0 0.53840744 0.7271057 0.5833072 0.908279 0.84391886
0 168 5.0 0.51709914 0.7259288 0.5855811 0.9127811 0.83658403
0 168 6.0 0.99950886 0.36985058 0.5262975 0.53292114 0.77301496
0 168 6.0 0.98549473 0.47415486 0.80389106 0.65887046 1.001731
0 168 6.0 0.88905966 0.7308221 0.58206433 0.9111277 0.8427555
0 168 6.0 0.7309724 0.23008996 0.2611314 0.34282655 0.35638875
0 169 5.0 0.86124843 0.73672414 0.5911671 0.91593516 0.84791255
0 169 6.0 0.999549 0.370644 0.5251505 0.54035574 0.7759746
0 169 6.0 0.9852571 0.47560966 0.79732853 0.6606828 1.0004624
0 169 6.0 0.6840857 0.23010483 0.25910398 0.3419492 0.35864648
0 169 6.0 0.5096119 0.7376314 0.5865252 0.9140541 0.84598625
0 170 5.0 0.84668547 0.7370524 0.59468436 0.9203586 0.85121965
0 170 6.0 0.9996723 0.37086898 0.5289036 0.5351519 0.77679694
0 170 6.0 0.9947048 0.47566074 0.8043425 0.6568578 1.0014943
0 170 6.0 0.6995273 0.7388849 0.5886499 0.91586244 0.8500108
0 170 6.0 0.6617301 0.23122525 0.258997 0.34161413 0.36208728
0 171 6.0 0.9998204 0.37101585 0.529019 0.53834385 0.79166234
0 171 6.0 0.9928585 0.47512704 0.8138117 0.65580744 1.0015541
0 171 6.0 0.94340754 0.7379036 0.59180725 0.92386174 0.86062
0 171 6.0 0.6502958 0.23270409 0.26041287 0.3438681 0.3612765
0 172 6.0 0.99978095 0.37451765 0.5304928 0.540303 0.78849864
0 172 6.0 0.9909566 0.47615546 0.8248879 0.6567268 1.0016207
0 172 6.0 0.9449327 0.74259293 0.592667 0.9223664 0.86048484
0 172 6.0 0.61802775 0.23402973 0.2610022 0.343266 0.36100122
0 173 6.0 0.9998503 0.37913072 0.5325947 0.5395217 0.79379654
0 173 6.0 0.9810666 0.476668 0.82874113 0.6601808 1.0005198
0 173 6.0 0.9324223 0.7438888 0.59890497 0.9242193 0.85727286
0 173 6.0 0.58518374 0.23439659 0.2564991 0.34199166 0.3617435
0 174 6.0 0.9998411 0.38061026 0.53739196 0.5396061 0.8040157
0 174 6.0 0.9759857 0.7458013 0.6042558 0.92649925 0.8624511
0 174 6.0 0.97488517 0.47568995 0.8350187 0.6616841 1.0023609
0 174 6.0 0.57215 0.23562913 0.25788072 0.3412237 0.3610284
0 175 6.0 0.9997764 0.37855273 0.54284304 0.5398936 0.80547005
0 175 6.0 0.98229235 0.4698061 0.8419395 0.6660047 1.0035948
0 175 6.0 0.9685535 0.75014114 0.615096 0.92712784 0.8687103
0 175 6.0 0.62286097 0.23310272 0.25542325 0.34485093 0.36173832
0 176 6.0 0.99955374 0.38096488 0.5455627 0.54075325 0.81407183
0 176 6.0 0.97976196 0.4704718 0.84681827 0.67102665 1.0044663
0 176 6.0 0.70757234 0.75250673 0.6173276 0.9386116 0.87730324
0 176 6.0 0.5993987 0.23463193 0.25975266 0.34561017 0.36198702
0 177 6.0 0.9989837 0.38228354 0.5504738 0.5397012 0.8198594
0 177 6.0 0.9501537 0.4809846 0.85362357 0.67915034 1.0025337
0 177 6.0 0.74699426 0.7558628 0.6226186 0.93383247 0.88327426
0 177 6.0 0.5665813 0.23320627 0.25456563 0.34872687 0.36481377
0 178 6.0 0.9975688 0.3808537 0.56102836 0.5517198 0.81822765
0 178 6.0 0.9542354 0.48294842 0.85334015 0.6770296 1.002812
0 178 6.0 0.8311868 0.76271224 0.6263582 0.94452584 0.8874436
0 178 6.0 0.5888397 0.23362392 0.25302938 0.34732944 0.36359832
0 179 6.0 0.9985286 0.38074848 0.5664283 0.55019915 0.82348955
0 179 6.0 0.93716615 0.48247015 0.8596561 0.6777693 1.0014453
0 179 6.0 0.89871293 0.7658318 0.63114953 0.95214105 0.89068663
0 179 6.0 0.5717663 0.23635772 0.25655472 0.34417447 0.36366975
0 180 6.0 0.9985886 0.38311094 0.5655735 0.55127424 0.82290334
0 180 6.0 0.9490678 0.767892 0.6359353 0.9567944 0.89687
0 180 6.0 0.91126263 0.4764532 0.86219263 0.6834043 1.0033277
0 180 6.0 0.52567244 0.23785423 0.25929883 0.34261614 0.3631383
0 181 6.0 0.99741673 0.38248688 0.5669551 0.5586155 0.8287387
0 181 6.0 0.9829547 0.7671375 0.6374186 0.96072567 0.89943004
0 181 6.0 0.7480372 0.48527583 0.86220706 0.6849747 1.0015074
0 181 6.0 0.56654406 0.23664574 0.25498268 0.3456939 0.3631856
0 182 6.0 0.9984542 0.38206458 0.5680167 0.5589632 0.8315969
0 182 6.0 0.94166535 0.7698191 0.64027464 0.9643062 0.8984542
0 182 6.0 0.65604436 0.23658262 0.25076535 0.34897944 0.3619294
0 183 6.0 0.9986362 0.38374907 0.5719149 0.5603184 0.83341694
0 183 6.0 0.9622033 0.7724607 0.6420566 0.96490014 0.9078944
0 183 6.0 0.5421137 0.23923138 0.24848334 0.34675708 0.36322373
0 184 6.0 0.9991302 0.3879801 0.5712214 0.5588466 0.8401473
0 184 6.0 0.9827387 0.7728617 0.6427799 0.9697778 0.91019696
0 185 6.0 0.99857557 0.38339183 0.5807905 0.55840605 0.8499912
0 185 6.0 0.97097564 0.77608764 0.64711356 0.9710157 0.9114059
0 186 6.0 0.9985877 0.38226455 0.58216935 0.559307 0.85758024
0 186 6.0 0.98509127 0.7738423 0.6488197 0.97252554 0.92368126
0 187 6.0 0.9994578 0.387585 0.5857481 0.5632893 0.8642733
0 187 6.0 0.9649907 0.7797014 0.6519567 0.97491246 0.9347092
0 188 6.0 0.9992913 0.3850367 0.5895593 0.5625424 0.8680217
0 188 6.0 0.96099234 0.7785339 0.65977246 0.97639793 0.94530827
0 189 6.0 0.9992919 0.38761014 0.59148645 0.56557375 0.87118876
0 189 6.0 0.9215118 0.7802243 0.66443175 0.9761505 0.94550806
0 190 6.0 0.9993567 0.38837293 0.5938157 0.5708482 0.88297033
0 190 6.0 0.7935595 0.78318596 0.6766688 0.97931814 0.95148903
0 191 5.0 0.5527932 0.7852801 0.6607392 0.97927713 0.9653919
0 191 6.0 0.9982199 0.38846713 0.60226655 0.57217664 0.8750688
0 191 6.0 0.7876789 0.7832336 0.6823362 0.9810795 0.96540856
0 192 6.0 0.999027 0.38782406 0.6054805 0.5737263 0.8818316
0 192 6.0 0.9876853 0.781463 0.6792047 0.99829495 0.9688566
0 193 6.0 0.9996511 0.38647753 0.6113522 0.5741577 0.88809884
0 193 6.0 0.90738595 0.7831077 0.69252264 0.99171656 0.96924114
0 194 6.0 0.9998679 0.38754147 0.6123843 0.57452047 0.901281
0 194 6.0 0.9459016 0.7915558 0.6929637 0.9905525 0.97114575
0 195 6.0 0.99986315 0.3897547 0.61640656 0.5780049 0.9055439
0 195 6.0 0.91217554 0.792547 0.6917112 0.99363065 0.98017967
0 196 6.0 0.9999317 0.39301357 0.621392 0.5761347 0.9004936
0 196 6.0 0.9579281 0.7899267 0.6953453 0.9989926 0.9869231
0 197 6.0 0.99992144 0.39268285 0.62268627 0.58221895 0.9022324
0 197 6.0 0.9566496 0.7978974 0.7000466 0.9985388 0.9873764
0 198 6.0 0.99989355 0.39433882 0.62582105 0.5803925 0.90449506
0 198 6.0 0.9469836 0.8076184 0.7042209 0.99990845 0.9948367
0 199 6.0 0.9998566 0.39989337 0.6290412 0.58053935 0.91849136
0 199 6.0 0.9742581 0.80886596 0.7055025 1.0001513 0.9941344
0 200 6.0 0.99979764 0.39828697 0.6335183 0.5843951 0.9243359
0 200 6.0 0.96829915 0.8104365 0.7086337 0.99958754 0.9916571
0 201 6.0 0.9997496 0.40005365 0.6384842 0.58510244 0.9400994
0 201 6.0 0.97438896 0.8115215 0.7202828 0.99821085 0.9939208
0 202 6.0 0.9993262 0.39031613 0.6448229 0.5861651 0.9356157
0 202 6.0 0.9750011 0.8149635 0.7235237 0.9978867 0.9940112
0 203 6.0 0.99954456 0.38966748 0.64901304 0.58607036 0.949358
0 203 6.0 0.9647736 0.81767726 0.7304307 0.9978969 0.99588656
0 204 6.0 0.9998864 0.39608267 0.6531734 0.5880262 0.9566712
0 204 6.0 0.9620304 0.82015747 0.7377785 0.99627024 1.001476
0 205 6.0 0.9996985 0.398495 0.6659045 0.5883925 0.9567882
0 205 6.0 0.97297716 0.82486886 0.73964596 0.99622506 1.0009564
0 206 6.0 0.9994369 0.39604497 0.66742206 0.59010094 0.9560894
0 206 6.0 0.987212 0.82990193 0.7397623 0.9954848 1.0006233
0 207 6.0 0.9994568 0.4028981 0.6678629 0.5916468 0.9603028
0 207 6.0 0.9851032 0.83177584 0.7470414 0.9964915 0.9979133
0 208 6.0 0.9994081 0.40605107 0.6745666 0.5996376 0.9701501
0 208 6.0 0.97318244 0.8336811 0.7466731 0.996132 1.0015353
0 209 6.0 0.99948275 0.40563428 0.6761841 0.5982224 0.98126656
0 209 6.0 0.9857232 0.83821714 0.7552356 0.9953215 1.004149
0 210 6.0 0.99914217 0.40853062 0.6795756 0.6007874 0.98355085
0 210 6.0 0.9689191 0.84319615 0.75803626 0.99474335 1.0018661
0 211 6.0 0.99958664 0.4118616 0.6831652 0.60193497 0.99065864
0 211 6.0 0.9415163 0.84329766 0.7634056 0.99582845 1.0084267
0 212 6.0 0.99954706 0.41671318 0.7035316 0.6045874 0.9879427
0 212 6.0 0.9477497 0.84134215 0.76898915 0.9969768 1.006214
0 213 6.0 0.99960095 0.4137196 0.7046611 0.60490507 0.99239236
0 213 6.0 0.9387338 0.8428116 0.7787626 0.9962212 1.0046017
0 214 6.0 0.9998481 0.41624674 0.7077023 0.6057509 0.9928216
0 214 6.0 0.9504499 0.84384745 0.78176105 0.99671 1.0044683
0 214 6.0 0.53418714 0.2839925 0.2627332 0.39650956 0.4015164
0 215 6.0 0.9998485 0.41629478 0.7097527 0.6072291 0.99243975
0 215 6.0 0.96278983 0.84978473 0.7927514 0.99645245 1.0031972
0 215 6.0 0.5446918 0.28493893 0.25997585 0.3982764 0.40575653
0 216 6.0 0.9998047 0.41522592 0.7157235 0.60757166 0.9911927
0 216 6.0 0.98964953 0.85073066 0.8004191 0.9971138 1.002858
0 216 6.0 0.50162274 0.28825605 0.2638209 0.39639127 0.4012488
0 217 6.0 0.9996793 0.4201935 0.722759 0.61344784 0.98762655
0 217 6.0 0.97833556 0.85576195 0.80640584 0.99634415 1.0094423
0 217 6.0 0.6992993 0.28663942 0.25778437 0.40230492 0.4077919
0 218 6.0 0.9996618 0.41812 0.7278968 0.6130666 0.98965216
0 218 6.0 0.94640774 0.86409247 0.8077656 0.9965571 1.0131245
0 218 6.0 0.7493366 0.28501865 0.25657597 0.4045203 0.40992776
0 219 6.0 0.9996321 0.42014 0.72846115 0.61161464 0.9848801
0 219 6.0 0.95125973 0.86377215 0.81283057 0.9943718 1.0140859
0 219 6.0 0.6444049 0.2863485 0.25776488 0.40245995 0.40877354
0 220 6.0 0.9986273 0.42027226 0.730236 0.61339635 0.9838533
0 220 6.0 0.93205637 0.8648234 0.81348836 0.9938031 1.013573
0 220 6.0 0.74622077 0.2862419 0.25496602 0.402336 0.41116786
0 221 6.0 0.998602 0.41864192 0.73322797 0.6218809 0.98530066
0 221 6.0 0.89085275 0.8613354 0.8168678 0.99477184 1.0112745
0 221 6.0 0.63663006 0.29057893 0.26048976 0.40337643 0.40806687
0 222 6.0 0.9980148 0.42190653 0.73719776 0.62802845 0.9869034
0 222 6.0 0.7076669 0.8666912 0.81773865 0.99482244 1.015342
0 222 6.0 0.6773215 0.2906919 0.26077083 0.40350467 0.410072
0 223 6.0 0.99460936 0.42228502 0.74771875 0.62606496 0.9906778
0 223 6.0 0.70785147 0.28992897 0.2625776 0.40291417 0.41432327
0 223 6.0 0.5863707 0.87211865 0.8365884 0.99851876 0.99726033
0 224 6.0 0.99619603 0.42472398 0.7528577 0.62875354 0.9939991
0 224 6.0 0.70082736 0.2902901 0.25904262 0.40355137 0.41473746
0 224 6.0 0.62839264 0.87474513 0.843537 0.9994533 0.99442196
0 225 6.0 0.9969062 0.42471084 0.7586062 0.63019276 0.9899787
0 225 6.0 0.79540956 0.8669514 0.84705323 1.0013001 1.0025852
0 225 6.0 0.56374526 0.29046094 0.2607247 0.4032957 0.41254172
0 226 6.0 0.99805176 0.42409486 0.7660642 0.6327973 0.99139255
0 226 6.0 0.79974395 0.8730492 0.8503384 1.0037818 1.0038525
0 226 6.0 0.6183074 0.29064023 0.2556708 0.40515137 0.420267
0 227 6.0 0.99762326 0.42661625 0.77234733 0.6347006 0.9920713
0 227 6.0 0.73519176 0.87360644 0.85406387 1.004585 1.0036701
0 227 6.0 0.53662723 0.29219687 0.26210457 0.40455008 0.4194709
0 228 6.0 0.9986866 0.43010402 0.7787254 0.6360198 0.9936913
0 228 6.0 0.5720265 0.8824982 0.85986876 1.0021178 1.0011957
0 228 6.0 0.5289232 0.29092544 0.26564744 0.4057436 0.4165958
0 229 6.0 0.9971367 0.42746717 0.7873753 0.6399501 0.99767464
0 229 6.0 0.5654158 0.28436336 0.26933002 0.41039953 0.43346328
0 230 6.0 0.99371874 0.42528754 0.79335386 0.6440155 0.99493665
0 231 6.0 0.9889417 0.42996767 0.7934088 0.64516425 0.99699754
0 231 6.0 0.5256534 0.2864093 0.2718544 0.41101655 0.43875474
0 232 6.0 0.99359703 0.4272991 0.7951183 0.6436044 0.99778384
0 232 6.0 0.59057695 0.28615162 0.2790408 0.4160371 0.43509734
0 233 6.0 0.9947423 0.42960757 0.8021546 0.6465793 0.9948277
0 234 6.0 0.9954904 0.42437685 0.810663 0.64865863 0.995837
0 234 6.0 0.511079 0.29451248 0.28240693 0.41577014 0.437266
0 235 6.0 0.99372053 0.42711473 0.8168422 0.6508424 0.9940634
0 235 6.0 0.55565035 0.29495823 0.28249803 0.418671 0.439692
0 236 6.0 0.9871832 0.43047363 0.82481945 0.6477607 0.99385464
0 236 6.0 0.72136205 0.29805034 0.2673425 0.42144275 0.44136703
0 237 6.0 0.9864227 0.43143404 0.82933223 0.6505593 0.9945121
0 238 6.0 0.95497495 0.4310829 0.83220094 0.65270776 0.9916342
0 239 6.0 0.9696367 0.4217221 0.83846104 0.655549 0.9983629
0 239 6.0 0.6268153 0.2969111 0.28202164 0.42445847 0.44393015
0 240 6.0 0.978357 0.43217248 0.84615463 0.6614842 0.9998017
0 240 6.0 0.59587693 0.2996322 0.27844787 0.4253682 0.4413802
0 241 6.0 0.9883559 0.4372279 0.84965396 0.66003126 1.0022156
0 241 6.0 0.70858926 0.29958725 0.28014588 0.42522275 0.4469955
0 242 6.0 0.98351145 0.44082722 0.85691154 0.65648454 1.0019114
0 243 6.0 0.9571998 0.4373669 0.8601488 0.66090137 1.0039104
0 244 6.0 0.71211153 0.4388131 0.8655631 0.6578654 1.0040127
0 245 6.0 0.6443873 0.44090673 0.8673893 0.66225326 1.0046091
0 246 6.0 0.51457965 0.44065198 0.8729986 0.67966443 1.0066046
0 247 6.0 0.5278092 0.2981481 0.31344247 0.4261948 0.45521265
0 248 6.0 0.5251921 0.29974502 0.30607167 0.42623842 0.456031
0 249 6.0 0.5039518 0.3067103 0.30766082 0.43073434 0.45703954
