0 0 6.0 0.9970703 0.4473255 0.79896057 0.6359369 0.99897516
0 0 6.0 0.99316406 0.62554246 0.41676658 0.77240616 0.61101705
0 0 6.0 0.99121094 0.41128668 0.52427685 0.56479 0.7281407
0 0 6.0 0.7758789 0.4626392 0.27399972 0.57968986 0.42213437
0 0 6.0 0.54541016 0.32410124 0.37588876 0.45627424 0.5339564
0 0 6.0 0.5097656 0.23903267 0.28978154 0.33925894 0.39438227
0 1 6.0 0.9951172 0.6323004 0.4237032 0.77806616 0.6194751
0 1 6.0 0.9951172 0.44759688 0.8015196 0.638096 0.9990743
0 1 6.0 0.9941406 0.41214657 0.5293193 0.5668233 0.7298666
0 1 6.0 0.7480469 0.46424434 0.2761846 0.5801125 0.42359784
0 1 6.0 0.7163086 0.3244409 0.3756533 0.4592728 0.5358337
0 2 6.0 0.99609375 0.63192844 0.42449448 0.7796643 0.6233486
0 2 6.0 0.99609375 0.41530454 0.53518605 0.5687629 0.732702
0 2 6.0 0.9951172 0.44834954 0.7968522 0.6354205 0.99805146
0 2 6.0 0.76416016 0.3243633 0.38015354 0.46158564 0.5380669
0 2 6.0 0.70751953 0.46585557 0.2766567 0.58318084 0.42458898
0 2 6.0 0.5600586 0.15710714 0.26593876 0.23011422 0.32822514
0 3 6.0 0.9951172 0.63601905 0.4295742 0.7815289 0.62707394
0 3 6.0 0.9951172 0.41732228 0.5385417 0.56934905 0.74188864
0 3 6.0 0.99316406 0.4475898 0.8012831 0.6359069 0.99853396
0 3 6.0 0.7421875 0.46727207 0.27715626 0.584689 0.42543557
0 3 6.0 0.7338867 0.32629395 0.37898088 0.46181214 0.5393178
0 3 6.0 0.57714844 0.15288405 0.2633943 0.23197632 0.33132178
0 3 6.0 0.50634766 0.23745425 0.28502762 0.34283853 0.39698327
0 4 6.0 0.99609375 0.63278604 0.43027452 0.7808974 0.62731206
0 4 6.0 0.9951172 0.4457376 0.8069154 0.6425127 0.9999794
0 4 6.0 0.9921875 0.4200251 0.54183155 0.57009053 0.7456158
0 4 6.0 0.7651367 0.46930382 0.2776894 0.5886625 0.4262876
0 4 6.0 0.6816406 0.32965687 0.38309503 0.46811733 0.5356141
0 4 6.0 0.6010742 0.15397383 0.2635517 0.22692393 0.329287
0 4 6.0 0.51416016 0.23875746 0.2789737 0.34387454 0.39602625
0 5 6.0 0.99609375 0.63566875 0.43560213 0.78268516 0.63418466
0 5 6.0 0.9951172 0.41981053 0.5354855 0.5686794 0.7471614
0 5 6.0 0.9902344 0.44178015 0.81408703 0.6386321 0.9969413
0 5 6.0 0.7207031 0.32855237 0.3828086 0.46709394 0.5385782
0 5 6.0 0.6098633 0.47129685 0.28096157 0.59130996 0.42375684
0 5 6.0 0.5908203 0.15286162 0.2650022 0.2224719 0.33114952
0 5 6.0 0.50683594 0.23799106 0.27845752 0.3450136 0.39726007
0 6 6.0 0.99609375 0.63344896 0.4345629 0.78290033 0.64328367
0 6 6.0 0.99609375 0.4183948 0.5359153 0.5718847 0.75213104
0 6 6.0 0.984375 0.43834358 0.821461 0.6415221 0.9970545
0 6 6.0 0.7636719 0.32819775 0.3841101 0.4699132 0.5335631
0 6 6.0 0.59765625 0.47273028 0.284723 0.59420514 0.42596534
0 6 6.0 0.56152344 0.15564184 0.2618657 0.22768594 0.3308626
0 6 6.0 0.5263672 0.23597673 0.27862868 0.34510955 0.39808258
0 7 6.0 0.9980469 0.42073947 0.54088485 0.5732717 0.7581301
0 7 6.0 0.9941406 0.63688266 0.442024 0.7847123 0.64835393
0 7 6.0 0.9741211 0.4396089 0.82967985 0.64659154 0.9978242
0 7 6.0 0.74902344 0.3296723 0.38237137 0.4723039 0.5325264
0 7 6.0 0.5473633 0.2332559 0.27721515 0.3458741 0.39817122
0 7 6.0 0.5234375 0.15240732 0.25833806 0.22945693 0.33207116
0 7 6.0 0.5126953 0.47330552 0.28352383 0.59444875 0.4246283
0 8 6.0 0.99902344 0.42003542 0.5424709 0.5732857 0.7584756
0 8 6.0 0.9951172 0.642498 0.44577283 0.7868054 0.64681333
0 8 6.0 0.984375 0.43716538 0.8351977 0.6497183 0.9996084
0 8 6.0 0.78271484 0.33693403 0.400998 0.47466642 0.56207216
0 8 6.0 0.5410156 0.15313846 0.26093262 0.22869816 0.33278954
0 8 6.0 0.5341797 0.23428354 0.27720147 0.3453295 0.40006185
0 9 6.0 0.99902344 0.42080906 0.5493934 0.5732237 0.7687775
0 9 6.0 0.9941406 0.6436706 0.43927628 0.7905343 0.6377978
0 9 6.0 0.9707031 0.43504223 0.8424081 0.65575075 1.0034394
0 9 6.0 0.7573242 0.33273736 0.39109322 0.47431454 0.5349064
0 9 6.0 0.53808594 0.15641938 0.26181993 0.2337705 0.33201268
0 9 6.0 0.50097656 0.23640679 0.2829989 0.34511423 0.39592054
0 10 6.0 0.99902344 0.42154667 0.5444531 0.57716256 0.7748495
0 10 6.0 0.9980469 0.6464902 0.44190413 0.7935835 0.643369
0 10 6.0 0.9707031 0.4347412 0.8511627 0.65566534 1.0080812
0 10 6.0 0.7470703 0.33459204 0.41622388 0.47337735 0.56589574
0 10 6.0 0.5551758 0.15343246 0.25977474 0.23392698 0.3314075
0 11 6.0 0.99902344 0.6440302 0.4437924 0.79455197 0.64827436
0 11 6.0 0.99902344 0.4227601 0.5484813 0.57654846 0.7736297
0 11 6.0 0.9604492 0.4345653 0.85396546 0.65458536 1.0120527
0 11 6.0 0.74658203 0.3353614 0.41212577 0.47295937 0.56474894
0 11 6.0 0.53125 0.15709889 0.2596031 0.23369849 0.3287079
0 12 6.0 1.0 0.6486016 0.445706 0.79941756 0.65056765
0 12 6.0 0.99902344 0.42329255 0.5527779 0.5787869 0.77858675
0 12 6.0 0.93359375 0.4364874 0.85666543 0.6491991 1.008772
0 12 6.0 0.8203125 0.33696017 0.4108042 0.47577253 0.56628495
0 12 6.0 0.56396484 0.1560249 0.25792772 0.23355746 0.32894766
0 13 6.0 1.0 0.64858687 0.4481182 0.7994323 0.6514058
0 13 6.0 0.9980469 0.42478508 0.55159545 0.57845336 0.77997625
0 13 6.0 0.9243164 0.43510032 0.86135566 0.6566725 1.0094182
0 13 6.0 0.7578125 0.33852002 0.42238063 0.47803894 0.56710917
0 13 6.0 0.57470703 0.15338443 0.25294194 0.23409928 0.3290744
0 14 6.0 1.0 0.65019315 0.4470902 0.8023105 0.65349776
0 14 6.0 0.9980469 0.42407674 0.5605083 0.5838805 0.7837742
0 14 6.0 0.8588867 0.4437134 0.86200774 0.65288293 1.0038168
0 14 6.0 0.7133789 0.34306914 0.4197349 0.48125947 0.5667133
0 14 6.0 0.65527344 0.15115447 0.25528297 0.23410629 0.33076414
0 15 6.0 1.0 0.65125483 0.4491931 0.8014243 0.65678287
0 15 6.0 0.99902344 0.4269345 0.5684366 0.5854176 0.7914411
0 15 6.0 0.8232422 0.33866322 0.41585314 0.4830885 0.5730127
0 15 6.0 0.74560547 0.4478538 0.8647393 0.65305877 1.0016106
0 15 6.0 0.65625 0.33739173 0.3571698 0.47405255 0.47367907
0 15 6.0 0.6088867 0.15320167 0.25396344 0.23189342 0.33009592
0 16 6.0 1.0 0.6532507 0.45074755 0.80436146 0.66054803
0 16 6.0 0.99902344 0.4267272 0.57474154 0.58781546 0.79783314
0 16 6.0 0.8496094 0.33889702 0.4195745 0.48383078 0.5721381
0 16 6.0 0.70214844 0.460814 0.8677069 0.6582366 1.002984
0 16 6.0 0.5571289 0.33697152 0.3599566 0.4692995 0.4694086
0 16 6.0 0.52734375 0.15527703 0.2542999 0.23148872 0.32942817
0 17 6.0 1.0 0.65500164 0.45469195 0.81087756 0.66785794
0 17 6.0 0.99902344 0.42732415 0.58151424 0.58985 0.7988442
0 17 6.0 0.87890625 0.3420052 0.41263455 0.48341662 0.57408655
0 17 6.0 0.5390625 0.45452297 0.8795137 0.65726554 1.0061721
0 17 6.0 0.5029297 0.33807272 0.3612163 0.4709704 0.4721313
0 18 6.0 1.0 0.65683186 0.45703351 0.8139608 0.6700747
0 18 6.0 0.9970703 0.43149066 0.58635974 0.5895411 0.8050947
0 18 6.0 0.75146484 0.3459519 0.4263109 0.4874738 0.57473135
0 18 6.0 0.56396484 0.15688932 0.25179935 0.23484695 0.32955444
0 19 6.0 0.99902344 0.65917015 0.46181664 0.8157171 0.67452526
0 19 6.0 0.99902344 0.42802113 0.5836123 0.59364015 0.80448985
0 19 6.0 0.75683594 0.34387684 0.42865723 0.4862302 0.57751304
0 19 6.0 0.5571289 0.15453249 0.24811724 0.23325497 0.32909533
0 20 6.0 0.99902344 0.42633042 0.58390385 0.5938685 0.80891687
0 20 6.0 0.9980469 0.65951014 0.45995063 0.81908166 0.6764304
0 20 6.0 0.6503906 0.34376806 0.42724317 0.4884473 0.57468146
0 20 6.0 0.5341797 0.48749638 0.29649675 0.6095252 0.456977
0 20 6.0 0.5288086 0.1570318 0.25100496 0.23215017 0.32797453
0 21 6.0 0.99902344 0.43339765 0.5843847 0.59678423 0.81151664
0 21 6.0 0.99609375 0.66044664 0.45880908 0.8180672 0.68012935
0 21 6.0 0.73291016 0.3450792 0.43786305 0.487878 0.5798207
0 21 6.0 0.54345703 0.1582436 0.25252026 0.23179442 0.32806045
0 22 6.0 0.99902344 0.43706542 0.5855072 0.5962946 0.82104
0 22 6.0 0.9902344 0.65899545 0.46261153 0.8182557 0.6761316
0 22 6.0 0.74658203 0.3481431 0.4278276 0.4917248 0.5816475
0 22 6.0 0.6513672 0.15365121 0.2434293 0.23515797 0.33030462
0 22 6.0 0.5756836 0.49543107 0.2976446 0.6117481 0.45588443
0 23 6.0 0.99902344 0.43909958 0.5845362 0.59777004 0.8247602
0 23 6.0 0.9892578 0.66292274 0.46506745 0.8225566 0.6877423
0 23 6.0 0.6845703 0.3483901 0.4271402 0.49233675 0.5771046
0 23 6.0 0.6230469 0.15610263 0.24420331 0.23448765 0.32919934
0 23 6.0 0.59521484 0.4950847 0.29680336 0.61319846 0.456284
0 23 6.0 0.5605469 0.34668416 0.3813998 0.4863121 0.5027918
0 24 6.0 0.9980469 0.44085598 0.5866718 0.60108316 0.8299167
0 24 6.0 0.99316406 0.6670755 0.46572042 0.8263979 0.6928748
0 24 6.0 0.6635742 0.15436535 0.24355619 0.23414008 0.32901818
0 24 6.0 0.5839844 0.34978694 0.43535772 0.48887062 0.5755797
0 24 6.0 0.5419922 0.3455146 0.36683518 0.48061 0.47408688
0 25 6.0 0.9980469 0.6666497 0.46683466 0.82725275 0.69559145
0 25 6.0 0.9970703 0.4396732 0.5933702 0.6004331 0.83392274
0 25 6.0 0.67333984 0.15481044 0.24373333 0.2354623 0.32906193
0 25 6.0 0.62597656 0.35121036 0.4285292 0.4924838 0.578728
0 25 6.0 0.6035156 0.49966604 0.2995749 0.614662 0.45505816
0 25 6.0 0.53515625 0.3493445 0.38084573 0.48810267 0.50318956
0 26 6.0 0.9970703 0.43973377 0.60286653 0.6016594 0.8384453
0 26 6.0 0.99316406 0.6635651 0.47531548 0.82811874 0.7058469
0 26 6.0 0.67333984 0.15654993 0.24982795 0.23651183 0.32893065
0 26 6.0 0.6254883 0.3515196 0.43384743 0.49334583 0.58486974
0 27 6.0 0.9970703 0.670324 0.47354057 0.8303636 0.69734883
0 27 6.0 0.98828125 0.44595665 0.60547316 0.60155886 0.84550965
0 27 6.0 0.6777344 0.1560796 0.2458232 0.2385147 0.3295672
0 27 6.0 0.55859375 0.34981662 0.42831668 0.49407274 0.5787797
0 27 6.0 0.55029297 0.3493725 0.387237 0.489246 0.5082031
0 27 6.0 0.5102539 0.50233865 0.30378103 0.6137973 0.45631725
0 28 6.0 0.9980469 0.67413837 0.47938392 0.8333053 0.69994915
0 28 6.0 0.98535156 0.44276562 0.6108091 0.60221094 0.85591745
0 28 6.0 0.7167969 0.15422752 0.24613705 0.23884803 0.32975033
0 28 6.0 0.52197266 0.5018677 0.3025433 0.61552423 0.45639572
0 29 6.0 0.9980469 0.6764089 0.484763 0.8388729 0.70178235
0 29 6.0 0.9921875 0.44672868 0.62291974 0.60935956 0.8556183
0 29 6.0 0.7133789 0.15564851 0.24828278 0.23763414 0.32881933
0 30 6.0 0.9970703 0.44775394 0.6261593 0.611692 0.85854006
0 30 6.0 0.9951172 0.68073624 0.48701692 0.83980995 0.70335937
0 30 6.0 0.6586914 0.15671264 0.25042167 0.2361144 0.32811603
0 30 6.0 0.6142578 0.3609448 0.46516097 0.5060272 0.6197413
0 30 6.0 0.5541992 0.5028206 0.30331624 0.61603415 0.45783097
0 31 6.0 0.9970703 0.6817632 0.48708946 0.84105456 0.70889646
0 31 6.0 0.99609375 0.44851816 0.6302492 0.6141293 0.8599681
0 31 6.0 0.7451172 0.3568434 0.4616191 0.5050468 0.6216042
0 31 6.0 0.65771484 0.15696144 0.24811475 0.23720485 0.33036774
0 31 6.0 0.5620117 0.5026685 0.30597 0.6171938 0.4610288
0 31 6.0 0.50878906 0.34703687 0.38198423 0.49005893 0.507817
0 32 6.0 0.9980469 0.68425745 0.49665308 0.8418165 0.7138845
0 32 6.0 0.9970703 0.4492834 0.62776667 0.61512107 0.86486834
0 32 6.0 0.7597656 0.35889268 0.46199214 0.504913 0.624179
0 32 6.0 0.67333984 0.16007425 0.25182217 0.23548655 0.32837206
0 32 6.0 0.60839844 0.50281745 0.30230957 0.61922544 0.46203947
0 33 6.0 0.99902344 0.4486136 0.6296652 0.61891425 0.8749611
0 33 6.0 0.9980469 0.6848401 0.49957567 0.8424914 0.7146755
0 33 6.0 0.77441406 0.3664256 0.4639203 0.50976217 0.6233441
0 33 6.0 0.6796875 0.50224316 0.30172795 0.62131786 0.46543652
0 33 6.0 0.6220703 0.16160883 0.25007352 0.23498751 0.32752553
0 34 6.0 0.99902344 0.4499275 0.63244104 0.61963063 0.88062775
0 34 6.0 0.9980469 0.6862144 0.50109667 0.84656674 0.7206307
0 34 6.0 0.66259766 0.36566836 0.46602753 0.50880915 0.62498504
0 34 6.0 0.64208984 0.15697913 0.24734075 0.23794656 0.3292092
0 35 6.0 0.99902344 0.45260414 0.63393986 0.620429 0.88573873
0 35 6.0 0.9970703 0.6904964 0.5090778 0.84845585 0.7230674
0 35 6.0 0.8222656 0.36978742 0.4652654 0.51040715 0.62723076
0 35 6.0 0.63183594 0.50366765 0.30042887 0.6291018 0.46242583
0 35 6.0 0.5996094 0.16119173 0.24864136 0.23725474 0.32823986
0 35 6.0 0.5185547 0.34886825 0.37995872 0.48939884 0.5130186
0 36 6.0 0.99902344 0.6914345 0.5107288 0.85370827 0.72561866
0 36 6.0 0.99902344 0.45209023 0.63840115 0.62344164 0.8899052
0 36 6.0 0.76660156 0.37214518 0.4666945 0.5132876 0.62894475
0 36 6.0 0.71484375 0.50258803 0.30030712 0.6299472 0.465144
0 36 6.0 0.57714844 0.16429195 0.24960943 0.23633605 0.32694054
0 37 6.0 0.9980469 0.6962153 0.513878 0.85569334 0.7268672
0 37 6.0 0.9980469 0.44580328 0.6438749 0.6244856 0.8987447
0 37 6.0 0.80908203 0.5066397 0.30142987 0.63389945 0.4671057
0 37 6.0 0.61816406 0.16491517 0.24888106 0.23673454 0.32645413
0 37 6.0 0.6040039 0.3702826 0.46472716 0.5121988 0.6294675
0 37 6.0 0.53271484 0.34624368 0.37571925 0.48710394 0.51524496
0 38 6.0 0.99902344 0.4473396 0.6477472 0.6276693 0.90865964
0 38 6.0 0.99609375 0.69563794 0.52000594 0.8594878 0.73537886
0 38 6.0 0.8100586 0.36986578 0.4667348 0.51300657 0.6365374
0 38 6.0 0.76171875 0.5121567 0.30217326 0.6358397 0.47085226
0 38 6.0 0.6503906 0.1667278 0.25400925 0.23710342 0.32745492
0 39 6.0 0.99902344 0.45062518 0.6564326 0.62770975 0.91090465
0 39 6.0 0.99609375 0.69548 0.5203975 0.8603231 0.74442416
0 39 6.0 0.88427734 0.3661871 0.4711356 0.5157861 0.6405408
0 39 6.0 0.8354492 0.51242065 0.30220518 0.6403781 0.4755251
0 39 6.0 0.6582031 0.16585834 0.25437862 0.23653693 0.327196
0 40 6.0 0.9980469 0.6981383 0.5228304 0.8588496 0.7525719
0 40 6.0 0.9980469 0.45486128 0.6651463 0.63243055 0.9060553
0 40 6.0 0.9404297 0.5136796 0.30023846 0.64329684 0.48393396
0 40 6.0 0.8911133 0.37200683 0.46940592 0.51871306 0.64673114
0 40 6.0 0.6791992 0.16729966 0.25350294 0.23647633 0.3256974
0 41 6.0 0.9980469 0.69860256 0.52234 0.86058974 0.7611844
0 41 6.0 0.9980469 0.45353672 0.6692986 0.6295182 0.9166426
0 41 6.0 0.95947266 0.511908 0.30133936 0.64729387 0.4829307
0 41 6.0 0.87841797 0.38259363 0.4720961 0.52222836 0.6463152
0 41 6.0 0.6855469 0.1657893 0.25408018 0.2364679 0.32650054
0 42 6.0 0.99902344 0.7026835 0.5231957 0.8651158 0.7491556
0 42 6.0 0.9980469 0.45698464 0.67606163 0.6319879 0.92123806
0 42 6.0 0.921875 0.38066527 0.47272205 0.5222217 0.6513505
0 42 6.0 0.91845703 0.5170073 0.30187133 0.648871 0.48346266
0 42 6.0 0.71240234 0.16217308 0.24931738 0.2382064 0.32701173
0 43 6.0 0.99902344 0.70537734 0.52416915 0.86491776 0.75265807
0 43 6.0 0.9980469 0.4565954 0.6813047 0.63503206 0.93278456
0 43 6.0 0.9316406 0.3784781 0.47543913 0.52455544 0.6521767
0 43 6.0 0.890625 0.5126814 0.29812926 0.63876015 0.47817594
0 43 6.0 0.6904297 0.16207859 0.2477579 0.23879793 0.3273564
0 44 6.0 0.99902344 0.4567131 0.6837132 0.6373937 0.9374125
0 44 6.0 0.9980469 0.7107344 0.5304482 0.8681397 0.75368905
0 44 6.0 0.9267578 0.3817054 0.47871482 0.5244554 0.6521025
0 44 6.0 0.9248047 0.51394737 0.30034855 0.6372987 0.4824281
0 44 6.0 0.69384766 0.16523334 0.25088805 0.23696864 0.3256067
0 45 6.0 0.99902344 0.46081042 0.68781006 0.64082193 0.94474983
0 45 6.0 0.9980469 0.7111293 0.5363394 0.87098145 0.7626525
0 45 6.0 0.96435547 0.38080812 0.47939664 0.5268284 0.66149396
0 45 6.0 0.9350586 0.516072 0.30071884 0.6400996 0.48622566
0 45 6.0 0.6777344 0.16631353 0.24806051 0.23737961 0.32478997
0 46 6.0 0.99902344 0.71206135 0.53784376 0.8769706 0.76722676
0 46 6.0 0.99902344 0.45841637 0.69096893 0.6399473 0.95212346
0 46 6.0 0.9760742 0.3824927 0.4798802 0.5291702 0.6619865
0 46 6.0 0.92578125 0.51617587 0.30077758 0.640543 0.485796
0 46 6.0 0.6386719 0.16572887 0.25153348 0.23766053 0.32584473
0 47 6.0 0.99902344 0.4604246 0.69628584 0.6442726 0.95666003
0 47 6.0 0.9970703 0.71139777 0.5349726 0.8759532 0.7741439
0 47 6.0 0.97998047 0.37929294 0.47903854 0.53187156 0.66013414
0 47 6.0 0.9482422 0.5154982 0.30304128 0.6421197 0.4872756
0 47 6.0 0.6479492 0.1641933 0.25115773 0.23922372 0.3269935
0 48 6.0 0.9970703 0.71156317 0.54107654 0.8799706 0.7807152
0 48 6.0 0.9970703 0.4659447 0.70103216 0.6448365 0.9636313
0 48 6.0 0.9633789 0.515154 0.30398005 0.6431676 0.4895774
0 48 6.0 0.94140625 0.37959564 0.47916305 0.5322041 0.66241074
0 48 6.0 0.6064453 0.16587007 0.2515428 0.23735365 0.32544887
0 49 6.0 0.99902344 0.46491465 0.7010676 0.6416882 0.95778555
0 49 6.0 0.9970703 0.7105464 0.5500982 0.8843492 0.7838216
0 49 6.0 0.96875 0.38749695 0.5041626 0.5379749 0.67970496
0 49 6.0 0.95166016 0.5176522 0.30705413 0.6444221 0.48878738
0 49 6.0 0.60253906 0.16683683 0.24812481 0.23682871 0.3238422
0 50 6.0 0.9980469 0.7109992 0.5515623 0.8847173 0.7873025
0 50 6.0 0.9970703 0.47005022 0.705494 0.6438955 0.9721975
0 50 6.0 0.9604492 0.38770524 0.50067544 0.5398971 0.67988896
0 50 6.0 0.9580078 0.51829886 0.30815956 0.6468637 0.4898928
0 50 6.0 0.6166992 0.16719717 0.24756598 0.23754531 0.3215298
0 51 6.0 0.9980469 0.71149385 0.55988306 0.8896954 0.7943836
0 51 6.0 0.9980469 0.46872494 0.7182614 0.64480954 0.9719892
0 51 6.0 0.9760742 0.39169616 0.49949363 0.5446626 0.68513626
0 51 6.0 0.9536133 0.5218959 0.30820698 0.64827037 0.4886936
0 51 6.0 0.63720703 0.16774732 0.24776173 0.23760268 0.3216101
0 52 6.0 0.99902344 0.7131488 0.5632393 0.89359134 0.7965979
0 52 6.0 0.99902344 0.47043705 0.7231956 0.6471056 0.97863466
0 52 6.0 0.9819336 0.39210787 0.5003311 0.5466354 0.6866638
0 52 6.0 0.9716797 0.5226686 0.30876717 0.65113306 0.49285766
0 52 6.0 0.5961914 0.16890761 0.25077757 0.23616624 0.32157597
0 53 6.0 0.99902344 0.7159676 0.5639302 0.89413446 0.80137974
0 53 6.0 0.99902344 0.46853632 0.72879195 0.6473567 0.9883033
0 53 6.0 0.9970703 0.3910402 0.5002398 0.55075216 0.6925797
0 53 6.0 0.98291016 0.5243271 0.31072134 0.6533446 0.4924457
0 53 6.0 0.54345703 0.16952725 0.25206786 0.23579513 0.32133478
0 54 6.0 0.99902344 0.71823305 0.57587034 0.89660877 0.80273634
0 54 6.0 0.99902344 0.4698525 0.73135674 0.65209216 0.98874855
0 54 6.0 0.9980469 0.39358526 0.49739188 0.5539535 0.6978708
0 54 6.0 0.98291016 0.5236573 0.31455797 0.65475714 0.49678868
0 54 6.0 0.52441406 0.16966091 0.2507469 0.23723547 0.32237965
0 54 6.0 0.51904297 0.29511395 0.3215717 0.39943358 0.4639758
0 55 6.0 0.99902344 0.47200066 0.73129743 0.64899725 0.9906061
0 55 6.0 0.9980469 0.7180419 0.5783658 0.89697576 0.80474496
0 55 6.0 0.99316406 0.3937808 0.49998036 0.5539925 0.69674826
0 55 6.0 0.9819336 0.52452767 0.3130978 0.6576395 0.50115764
0 55 6.0 0.55371094 0.16954604 0.24912027 0.23693612 0.3203068
0 56 6.0 0.99902344 0.71802235 0.57913667 0.89779675 0.8093944
0 56 6.0 0.99902344 0.4773122 0.7420192 0.64729726 0.9912989
0 56 6.0 0.99121094 0.39324352 0.5031881 0.5553117 0.7022578
0 56 6.0 0.97802734 0.5330781 0.32114547 0.6624774 0.5056496
0 56 6.0 0.55126953 0.1719655 0.24838696 0.23586975 0.31695408
0 56 6.0 0.5336914 0.29602358 0.3131144 0.40132555 0.46475965
0 57 6.0 0.99902344 0.7216712 0.5795604 0.8987801 0.8131238
0 57 6.0 0.99902344 0.4786224 0.7417309 0.6471054 0.99005914
0 57 6.0 0.9892578 0.39345005 0.50614077 0.5566296 0.7068204
0 57 6.0 0.97265625 0.5355854 0.3252707 0.66344 0.5067733
0 57 6.0 0.5708008 0.36669782 0.44021165 0.5219209 0.5741185
0 57 6.0 0.53271484 0.1722709 0.24701667 0.23595095 0.31639183
0 58 6.0 0.99902344 0.72628194 0.5822565 0.90143055 0.8179733
0 58 6.0 0.9980469 0.47740966 0.74488986 0.6543905 0.99208117
0 58 6.0 0.97998047 0.39320478 0.5043085 0.56023675 0.7103335
0 58 6.0 0.9667969 0.5380227 0.32758433 0.66554075 0.5085207
0 59 6.0 1.0 0.7308974 0.5878157 0.90731597 0.82598466
0 59 6.0 0.99902344 0.48017636 0.7484989 0.6514608 0.9964194
0 59 6.0 0.97265625 0.39495826 0.5073384 0.5610633 0.7117405
0 59 6.0 0.96533203 0.54328865 0.32976648 0.6659706 0.51006806
0 59 6.0 0.5341797 0.3434123 0.43055552 0.47935453 0.5901894
0 60 6.0 0.99902344 0.7332749 0.5887379 0.91224366 0.8344653
0 60 6.0 0.99902344 0.4824649 0.7546856 0.65221775 0.9980021
0 60 6.0 0.9550781 0.39424354 0.5088479 0.5605271 0.7197986
0 60 6.0 0.9506836 0.5442162 0.33365583 0.66793257 0.51164865
0 60 6.0 0.60791016 0.36281472 0.44112885 0.51904124 0.5859139
0 61 6.0 0.99902344 0.48333797 0.76668453 0.65392154 0.999861
0 61 6.0 0.9980469 0.73576057 0.5941093 0.9152894 0.8369272
0 61 6.0 0.98095703 0.39931205 0.52011955 0.56022906 0.71806514
0 61 6.0 0.9506836 0.54782104 0.3371894 0.6684129 0.51228654
0 62 6.0 0.9980469 0.7350927 0.598162 0.9152536 0.8411221
0 62 6.0 0.9970703 0.48565066 0.7706258 0.6566845 0.99791336
0 62 6.0 0.9716797 0.40052596 0.5273576 0.5631487 0.7247436
0 62 6.0 0.94921875 0.54784936 0.33986765 0.66987425 0.51469153
0 62 6.0 0.5180664 0.17126556 0.2471858 0.23792277 0.31876263
0 63 6.0 0.9980469 0.73608375 0.60425407 0.91983306 0.84873706
0 63 6.0 0.99316406 0.48405585 0.78381544 0.6613637 0.9946529
0 63 6.0 0.9707031 0.40220878 0.52593493 0.5640396 0.72530615
0 63 6.0 0.9326172 0.5496371 0.3381184 0.67107964 0.51820886
0 63 6.0 0.5214844 0.16879714 0.24430344 0.23873436 0.32175544
0 64 6.0 0.99902344 0.7405086 0.6110484 0.92035323 0.8483817
0 64 6.0 0.99121094 0.48450425 0.78742325 0.66606903 0.99413323
0 64 6.0 0.9707031 0.40510213 0.5370037 0.56352496 0.73675483
0 64 6.0 0.9536133 0.5506905 0.33599955 0.6728465 0.52209574
0 64 6.0 0.5498047 0.16794296 0.24263045 0.24066548 0.3239254
0 65 6.0 0.99902344 0.7442602 0.6164808 0.9215075 0.8531662
0 65 6.0 0.98535156 0.4050787 0.53126746 0.56830585 0.73959833
0 65 6.0 0.9819336 0.48497128 0.796363 0.66302514 0.99594355
0 65 6.0 0.91748047 0.5509712 0.33889267 0.6738929 0.5224625
0 65 6.0 0.51464844 0.16932249 0.244153 0.24066666 0.32450107
0 66 6.0 0.99902344 0.7427453 0.6201464 0.9218888 0.8568318
0 66 6.0 0.99316406 0.50032383 0.7953497 0.6735169 0.9996319
0 66 6.0 0.9770508 0.4091205 0.5367428 0.5671108 0.7418045
0 66 6.0 0.9350586 0.5512465 0.34102693 0.67567754 0.5259639
0 67 6.0 0.99609375 0.7440034 0.62315816 0.9239534 0.86239916
0 67 6.0 0.99121094 0.4933281 0.79897934 0.68059087 0.9995119
0 67 6.0 0.9863281 0.41268963 0.5408671 0.5698492 0.74590886
0 67 6.0 0.8676758 0.55265284 0.34196353 0.67673206 0.5276242
0 68 6.0 0.9970703 0.7473805 0.62941736 0.92335176 0.8645825
0 68 6.0 0.9951172 0.4961357 0.8049773 0.6811451 0.99981177
0 68 6.0 0.9873047 0.41200578 0.5429799 0.57123494 0.748272
0 68 6.0 0.9350586 0.55244637 0.34694186 0.67898464 0.52993906
0 68 6.0 0.58691406 0.354249 0.47480875 0.4840181 0.63231415
0 69 6.0 0.99609375 0.5006513 0.8085059 0.6808122 0.99873996
0 69 6.0 0.9941406 0.7443858 0.6265145 0.92802745 0.8716189
0 69 6.0 0.9921875 0.41340116 0.5465718 0.56991756 0.7538274
0 69 6.0 0.8198242 0.5526025 0.33594015 0.69023407 0.5214741
0 69 6.0 0.5698242 0.3557092 0.48009107 0.48080093 0.6321269
0 69 6.0 0.5336914 0.30379963 0.32971847 0.4175411 0.4829166
0 70 6.0 0.9970703 0.4997821 0.8158919 0.6762868 0.9971642
0 70 6.0 0.99609375 0.41656137 0.5471246 0.5732307 0.7582196
0 70 6.0 0.9951172 0.7541144 0.626808 0.9356171 0.8758685
0 70 6.0 0.68847656 0.35484755 0.46566653 0.48416138 0.63434553
0 70 6.0 0.6489258 0.5542766 0.34586048 0.6840807 0.53173876
0 71 6.0 0.9980469 0.41667205 0.5492339 0.5763371 0.7616416
0 71 6.0 0.99609375 0.49696097 0.82217777 0.67684066 0.994544
0 71 6.0 0.99121094 0.7550526 0.63230264 0.9365553 0.88395405
0 71 6.0 0.81591797 0.54778343 0.33606216 0.6871186 0.5302844
0 71 6.0 0.66064453 0.35804194 0.4677561 0.48143548 0.6350574
0 72 6.0 0.9951172 0.41899607 0.5620108 0.577357 0.76702255
0 72 6.0 0.9951172 0.75106907 0.63263226 0.9435079 0.8918183
0 72 6.0 0.99121094 0.49600405 0.8306127 0.6821367 0.99624795
0 72 6.0 0.95947266 0.55633867 0.3414264 0.6970134 0.528927
0 72 6.0 0.6274414 0.35651326 0.48466983 0.47761524 0.6410719
0 73 6.0 0.9970703 0.41971415 0.5589621 0.57745785 0.77429307
0 73 6.0 0.99609375 0.7614284 0.64152837 0.9502333 0.8998513
0 73 6.0 0.9902344 0.55994916 0.34053153 0.70032203 0.53337914
0 73 6.0 0.9892578 0.49938908 0.84008384 0.6846153 0.9998112
0 73 6.0 0.6948242 0.35566238 0.4702909 0.48361984 0.64425504
0 73 6.0 0.5136719 0.3094976 0.33516252 0.42616332 0.48545694
0 74 6.0 0.99609375 0.74881864 0.6372164 0.9516753 0.906107
0 74 6.0 0.99121094 0.420538 0.56593573 0.5778818 0.7747859
0 74 6.0 0.98828125 0.4986849 0.84339494 0.6892677 1.0003705
0 74 6.0 0.9863281 0.56417495 0.3435861 0.70070904 0.5329633
0 74 6.0 0.58447266 0.30736893 0.33704838 0.42661417 0.49387857
0 74 6.0 0.5800781 0.35584372 0.48330384 0.47976846 0.64310163
0 75 6.0 0.9970703 0.7657453 0.6478 0.9597448 0.90311414
0 75 6.0 0.99316406 0.42329502 0.56965137 0.5798726 0.7807257
0 75 6.0 0.9741211 0.4970164 0.84849286 0.6924608 1.0002542
0 75 6.0 0.96875 0.5656813 0.34160632 0.7026426 0.5373276
0 75 6.0 0.703125 0.35364 0.48474115 0.48361197 0.64714986
0 76 6.0 0.99902344 0.76669383 0.65885127 0.96073127 0.90592587
0 76 6.0 0.99316406 0.42558342 0.58074844 0.58138174 0.7839596
0 76 6.0 0.98095703 0.49639803 0.85127294 0.6989526 1.0011787
0 76 6.0 0.9658203 0.5561138 0.34093058 0.689851 0.53745604
0 76 6.0 0.68847656 0.35862488 0.4895753 0.484796 0.64819175
0 77 6.0 0.99902344 0.7653612 0.66118234 0.9639989 0.91276044
0 77 6.0 0.99609375 0.4273426 0.575074 0.5832322 0.78720504
0 77 6.0 0.98291016 0.5593321 0.3400045 0.6923401 0.54160714
0 77 6.0 0.9707031 0.49733445 0.85878664 0.7013976 1.000772
0 77 6.0 0.6796875 0.35512727 0.48342967 0.486888 0.64910555
0 78 6.0 0.99609375 0.43125877 0.58590204 0.5863286 0.7957261
0 78 6.0 0.99609375 0.76691276 0.66095024 0.96504694 0.92010707
0 78 6.0 0.9550781 0.49962372 0.8619281 0.7020597 1.0012766
0 78 6.0 0.94384766 0.5599899 0.34143525 0.692894 0.54252183
0 78 6.0 0.70996094 0.35548946 0.4834721 0.48269954 0.6491803
0 79 6.0 0.9970703 0.43094426 0.58512765 0.5856512 0.7965557
0 79 6.0 0.99316406 0.7658431 0.66611207 0.9662339 0.93032753
0 79 6.0 0.96533203 0.5613323 0.34401405 0.69522625 0.54228854
0 79 6.0 0.89746094 0.5024858 0.8675419 0.7002335 0.9987825
0 79 6.0 0.6713867 0.3577317 0.477785 0.48568916 0.6491866
0 80 6.0 0.9980469 0.43284303 0.58671504 0.5877616 0.7983909
0 80 6.0 0.9970703 0.7664684 0.6767159 0.97402775 0.93260425
0 80 6.0 0.9589844 0.56331325 0.34854987 0.6966853 0.5423459
0 80 6.0 0.8442383 0.5003645 0.8733378 0.69588524 1.0010393
0 80 6.0 0.7661133 0.37323737 0.48545575 0.507524 0.6501639
0 81 6.0 0.99902344 0.43114626 0.57851005 0.5936737 0.80103254
0 81 6.0 0.9970703 0.7688685 0.67845243 0.9754978 0.938471
0 81 6.0 0.97802734 0.5656847 0.35279447 0.69931746 0.54243064
0 81 6.0 0.85595703 0.36997736 0.480826 0.5069922 0.65182644
0 81 6.0 0.7915039 0.510789 0.8788401 0.6976865 1.0011718
0 82 6.0 0.99902344 0.42846134 0.5798353 0.5968851 0.80542016
0 82 6.0 0.99316406 0.7683631 0.6811502 0.9780407 0.9470217
0 82 6.0 0.9614258 0.5676761 0.35172924 0.697756 0.545426
0 82 6.0 0.69921875 0.37028348 0.48376155 0.50799567 0.6494374
0 82 6.0 0.59033203 0.5168249 0.890191 0.69751424 1.0043079
0 83 6.0 1.0 0.43031934 0.5785901 0.5978738 0.8130217
0 83 6.0 0.9951172 0.77184576 0.6862708 0.9827965 0.9519866
0 83 6.0 0.9560547 0.56855625 0.35375482 0.70297414 0.546386
0 83 6.0 0.61865234 0.3796932 0.5152855 0.49325734 0.6590867
0 83 6.0 0.5527344 0.5223931 0.90112627 0.6953665 1.0004698
0 84 6.0 0.99902344 0.43137437 0.5819334 0.6014007 0.8212211
0 84 6.0 0.9921875 0.77684206 0.6910659 0.9827061 0.9598081
0 84 6.0 0.96777344 0.5683359 0.35521075 0.70604813 0.54967964
0 84 6.0 0.7963867 0.37183174 0.48109633 0.5107865 0.65300065
0 84 6.0 0.62890625 0.51863503 0.90605164 0.6936127 1.0016277
0 85 6.0 0.99902344 0.43207008 0.5844676 0.6001981 0.82662255
0 85 6.0 0.99121094 0.7784399 0.679814 0.9806783 0.9618355
0 85 6.0 0.96240234 0.56898147 0.35992908 0.70954627 0.5532291
0 85 6.0 0.7973633 0.37171498 0.5062799 0.5158092 0.67559415
0 85 6.0 0.5541992 0.52019984 0.9098109 0.69570786 1.002158
0 85 6.0 0.5126953 0.31988513 0.36810517 0.4522131 0.5223313
0 86 6.0 0.99902344 0.43614456 0.5968036 0.6004911 0.83146423
0 86 6.0 0.99316406 0.7855181 0.68556565 0.98431104 0.9620257
0 86 6.0 0.92578125 0.5797691 0.36654922 0.71445316 0.55994934
0 86 6.0 0.85839844 0.3720705 0.50169426 0.51610845 0.68111795
0 86 6.0 0.6665039 0.31454045 0.36376095 0.45313615 0.5309071
0 87 6.0 0.9980469 0.43764463 0.6061885 0.6017987 0.8367612
0 87 6.0 0.9873047 0.7875924 0.68966675 0.9877095 0.96894825
0 87 6.0 0.9614258 0.5840225 0.37050754 0.7176652 0.56307864
0 87 6.0 0.9140625 0.3700301 0.49797866 0.51465994 0.68520486
0 87 6.0 0.5361328 0.3141055 0.37396175 0.45740712 0.52388245
0 88 6.0 0.9970703 0.4388285 0.6031785 0.600186 0.8387573
0 88 6.0 0.99316406 0.790034 0.69910043 0.98909885 0.9757765
0 88 6.0 0.96972656 0.58466697 0.37167576 0.7187213 0.5653026
0 88 6.0 0.9116211 0.37369025 0.49882352 0.5194826 0.68457496
0 88 6.0 0.6904297 0.31381768 0.3630852 0.45085257 0.5281233
0 89 6.0 0.9951172 0.44135922 0.6100987 0.60139877 0.8416641
0 89 6.0 0.9770508 0.78821266 0.70156205 0.9904511 0.9775367
0 89 6.0 0.9375 0.5859306 0.36834258 0.72044384 0.5683875
0 89 6.0 0.9248047 0.3760686 0.50983566 0.52520096 0.68978566
0 90 6.0 0.9892578 0.44272152 0.61050636 0.60553485 0.8466378
0 90 6.0 0.98828125 0.7904453 0.71661204 0.99142396 0.98310727
0 90 6.0 0.984375 0.5885257 0.37067425 0.72112864 0.56986165
0 90 6.0 0.9428711 0.37644196 0.49692842 0.52138275 0.6940929
0 90 6.0 0.54003906 0.3139339 0.37121975 0.45147818 0.53481406
0 91 6.0 0.99316406 0.44457197 0.6214133 0.6085979 0.8522113
0 91 6.0 0.98828125 0.7890626 0.72502357 1.0057172 0.990346
0 91 6.0 0.98095703 0.5887806 0.3707565 0.7240742 0.57598454
0 91 6.0 0.94384766 0.378023 0.50833637 0.51930326 0.69966024
0 91 6.0 0.5527344 0.31054932 0.3667419 0.4481473 0.53055996
0 92 6.0 0.9941406 0.44334486 0.6221171 0.6100104 0.85540706
0 92 6.0 0.99316406 0.5916216 0.3773169 0.72641414 0.5819447
0 92 6.0 0.99316406 0.78909564 0.72739726 1.0076196 0.9919954
0 92 6.0 0.92822266 0.3785663 0.50067854 0.51491076 0.7041844
0 93 6.0 0.9980469 0.44558784 0.623636 0.61272585 0.86334467
0 93 6.0 0.9819336 0.7878269 0.7288267 1.0086672 0.9950314
0 93 6.0 0.9658203 0.5953456 0.3829446 0.726091 0.5853075
0 93 6.0 0.9013672 0.37605911 0.509647 0.51800305 0.70227826
0 94 6.0 0.9980469 0.4453319 0.62594724 0.6141921 0.8678187
0 94 6.0 0.9902344 0.7919361 0.73147875 1.007157 0.99501985
0 94 6.0 0.93603516 0.59495836 0.38453096 0.7276326 0.59855825
0 94 6.0 0.93408203 0.37990245 0.508797 0.5228477 0.70328957
0 94 6.0 0.6791992 0.31674695 0.36559233 0.45171052 0.5393273
0 95 6.0 0.99902344 0.4437377 0.62325823 0.61500543 0.8740758
0 95 6.0 0.99316406 0.79465634 0.73782665 0.9992234 0.99846345
0 95 6.0 0.94628906 0.38545096 0.51725984 0.5288995 0.7043307
0 95 6.0 0.9038086 0.5948264 0.38354626 0.7303844 0.59849495
0 95 6.0 0.75097656 0.31351784 0.36455137 0.4470919 0.53556013
0 96 6.0 0.9970703 0.44551322 0.6308291 0.6152992 0.87964654
0 96 6.0 0.9951172 0.7950188 0.7421694 0.9993863 0.9994813
0 96 6.0 0.9291992 0.5962886 0.3828873 0.73193604 0.60522115
0 96 6.0 0.87353516 0.38240388 0.528183 0.5175952 0.7116095
0 97 6.0 0.99902344 0.43994513 0.63088226 0.6185577 0.88465965
0 97 6.0 0.99316406 0.8005415 0.7455483 0.9970434 1.0082545
0 97 6.0 0.9892578 0.59781915 0.38165376 0.73447686 0.58721966
0 97 6.0 0.85595703 0.38581598 0.5272801 0.5363527 0.7107873
0 97 6.0 0.5390625 0.31943446 0.37369072 0.44699275 0.5358222
0 98 6.0 0.99902344 0.44685507 0.63247496 0.61887693 0.8905962
0 98 6.0 0.9941406 0.6006288 0.38249102 0.73809916 0.59409124
0 98 6.0 0.9892578 0.8030423 0.75086385 0.99642277 1.003644
0 98 6.0 0.87841797 0.38886425 0.5320717 0.5249527 0.72291505
0 98 6.0 0.6425781 0.31899068 0.37347966 0.44521102 0.54219985
0 99 6.0 0.99902344 0.43853784 0.6394182 0.62440884 0.89456195
0 99 6.0 0.9941406 0.8136568 0.7560543 0.99606526 1.0001321
0 99 6.0 0.9589844 0.59926504 0.3819383 0.738818 0.5950728
0 99 6.0 0.9316406 0.3887886 0.5237232 0.5295906 0.72493726
0 99 6.0 0.52197266 0.32052022 0.37581155 0.44723445 0.53459066
0 100 6.0 0.99902344 0.43740577 0.6419655 0.62631375 0.9005575
0 100 6.0 0.9951172 0.81799805 0.76334226 0.9962865 0.99651873
0 100 6.0 0.9741211 0.38840476 0.5269096 0.5286888 0.73277354
0 100 6.0 0.93408203 0.5997779 0.38237953 0.7419992 0.59800476
0 101 6.0 0.99902344 0.44041935 0.65054643 0.6270541 0.9051428
0 101 6.0 0.99609375 0.815755 0.7697087 0.9988415 0.99664134
0 101 6.0 0.9658203 0.6016636 0.38438195 0.7448044 0.5982251
0 101 6.0 0.95166016 0.3924957 0.523788 0.5348006 0.73572946
0 101 6.0 0.68847656 0.32352972 0.37356144 0.44970077 0.5447372
0 102 6.0 0.99902344 0.4422226 0.6612127 0.6306884 0.9118383
0 102 6.0 0.9921875 0.60467726 0.38499177 0.74933535 0.6003645
0 102 6.0 0.9921875 0.8167884 0.7732374 0.99539036 0.9937381
0 102 6.0 0.7890625 0.39667335 0.5556028 0.5414444 0.74264634
0 102 6.0 0.5332031 0.33007365 0.38481688 0.44654983 0.55436766
0 103 6.0 1.0 0.4435057 0.66718966 0.6314203 0.91251343
0 103 6.0 0.98291016 0.6082354 0.3862976 0.750429 0.60028696
0 103 6.0 0.98095703 0.81836057 0.78101385 0.996197 0.9900272
0 103 6.0 0.74853516 0.40091318 0.57407165 0.56783086 0.7412505
0 104 6.0 0.99902344 0.4406733 0.66429543 0.63080245 0.9210385
0 104 6.0 0.9892578 0.6079629 0.38759616 0.7509361 0.6045941
0 104 6.0 0.9863281 0.8210169 0.7824908 0.9968163 0.991443
0 104 6.0 0.86328125 0.39893785 0.54071194 0.55047727 0.75089175
0 104 6.0 0.6723633 0.33127117 0.39098525 0.44912 0.5546802
0 105 6.0 0.99902344 0.44106624 0.66801256 0.6324245 0.93487626
0 105 6.0 0.99316406 0.8226412 0.79066956 0.99569887 0.9969461
0 105 6.0 0.98535156 0.6114084 0.3897537 0.7556997 0.60888064
0 105 6.0 0.8671875 0.3998924 0.5389835 0.56826675 0.74753827
0 105 6.0 0.6220703 0.3336958 0.38610867 0.45190182 0.557323
0 106 6.0 0.99902344 0.45189452 0.6783012 0.6333884 0.93594444
0 106 6.0 0.99121094 0.82555926 0.80236465 0.9986385 1.0078437
0 106 6.0 0.9633789 0.6106168 0.3924954 0.7566086 0.61200774
0 106 6.0 0.9580078 0.4012997 0.5350377 0.56455874 0.75343865
0 107 6.0 0.99902344 0.45367935 0.68148905 0.63439524 0.9445719
0 107 6.0 0.9902344 0.8279162 0.79964453 1.00067 1.0010306
0 107 6.0 0.97265625 0.61131716 0.396589 0.7636874 0.61633724
0 107 6.0 0.94384766 0.40125233 0.5480212 0.5632412 0.75618935
0 107 6.0 0.7050781 0.33353338 0.39683548 0.45551452 0.56612164
0 108 6.0 0.99902344 0.4582271 0.6909381 0.6346888 0.94607806
0 108 6.0 0.99121094 0.8348861 0.8068012 1.0005536 1.0006396
0 108 6.0 0.9892578 0.61110497 0.40117547 0.7651504 0.6214607
0 108 6.0 0.9604492 0.40182763 0.5433049 0.56406975 0.750996
0 108 6.0 0.7314453 0.33362153 0.39360434 0.45624748 0.57310337
0 109 6.0 0.99902344 0.45239556 0.69785273 0.6356001 0.9505669
0 109 6.0 0.9902344 0.8377282 0.8093095 1.0009873 0.99941814
0 109 6.0 0.98095703 0.60682935 0.4062626 0.75957173 0.62245697
0 109 6.0 0.95703125 0.4051929 0.5567188 0.5668658 0.7495147
0 109 6.0 0.6699219 0.33610195 0.4073005 0.45735884 0.5736376
0 110 6.0 0.99902344 0.46018666 0.70222485 0.6389372 0.95277333
0 110 6.0 0.9863281 0.83467203 0.8132327 1.0005338 1.0015587
0 110 6.0 0.98095703 0.6088612 0.4085724 0.76214135 0.6228963
0 110 6.0 0.9560547 0.4031704 0.55853856 0.5657296 0.76184595
0 110 6.0 0.73339844 0.3381783 0.40408856 0.45637277 0.5733747
0 111 6.0 0.99902344 0.46117753 0.70687604 0.6395461 0.9636942
0 111 6.0 0.984375 0.8380299 0.8225851 1.0019917 0.9967104
0 111 6.0 0.98095703 0.611676 0.40832895 0.76638293 0.6300742
0 111 6.0 0.9038086 0.4066258 0.57066905 0.5662908 0.7695639
0 111 6.0 0.78222656 0.33654147 0.40246677 0.4574437 0.57234895
0 112 6.0 0.99902344 0.45889488 0.7177132 0.6384165 0.9650572
0 112 6.0 0.97314453 0.83513063 0.8287212 1.0013815 0.9960142
0 112 6.0 0.9667969 0.6125794 0.41041327 0.7687585 0.6351664
0 112 6.0 0.9243164 0.4094257 0.56618136 0.5691843 0.7694194
0 112 6.0 0.79833984 0.33849958 0.40744647 0.45886 0.57255393
0 113 6.0 0.99902344 0.45874307 0.72613937 0.6400968 0.9690797
0 113 6.0 0.9902344 0.61347926 0.41386017 0.77185404 0.6403314
0 113 6.0 0.96435547 0.40977666 0.563746 0.5696913 0.77836335
0 113 6.0 0.9536133 0.83487666 0.83618677 1.0006899 0.996884
0 113 6.0 0.6611328 0.34150606 0.4351201 0.46723443 0.5750959
0 114 6.0 1.0 0.45909053 0.7150372 0.64126056 0.9763876
0 114 6.0 0.9951172 0.61833 0.41574898 0.77320313 0.6471372
0 114 6.0 0.9770508 0.41132924 0.569766 0.57161903 0.78252655
0 114 6.0 0.8432617 0.8322397 0.8391448 1.0016694 1.0055906
0 114 6.0 0.74072266 0.34109762 0.42661524 0.46145806 0.581674
0 115 6.0 0.9980469 0.46469983 0.72433317 0.64038795 0.982833
0 115 6.0 0.99316406 0.6212075 0.41982296 0.7754921 0.6501294
0 115 6.0 0.93847656 0.41254663 0.5788776 0.57127905 0.77286774
0 115 6.0 0.88134766 0.3390366 0.4188349 0.46572724 0.5882673
0 115 6.0 0.8027344 0.83298945 0.8440669 1.0008222 1.0089599
0 116 6.0 0.99902344 0.46394005 0.72377634 0.6453985 0.9862435
0 116 6.0 0.9951172 0.6250843 0.4216795 0.77674043 0.65108824
0 116 6.0 0.9580078 0.4166921 0.59075344 0.5749912 0.7955549
0 116 6.0 0.8964844 0.83590627 0.84842503 0.99865603 0.99906445
0 116 6.0 0.88720703 0.33638948 0.41694263 0.46478605 0.5916157
0 117 6.0 0.9970703 0.46937662 0.72554004 0.64580387 0.98960066
0 117 6.0 0.98291016 0.62852913 0.4277274 0.77561015 0.6555292
0 117 6.0 0.95166016 0.41618454 0.5829628 0.5705143 0.7983075
0 117 6.0 0.8881836 0.3390026 0.41065383 0.47380817 0.5973687
0 117 6.0 0.7446289 0.8351229 0.85750985 0.99771386 1.0041156
0 118 6.0 0.99902344 0.4654724 0.73222363 0.6512708 0.9949939
0 118 6.0 0.9760742 0.6354991 0.4321759 0.7772095 0.6554418
0 118 6.0 0.95166016 0.41665196 0.5847973 0.5706807 0.7970527
0 118 6.0 0.8496094 0.33998248 0.4163739 0.47376534 0.60120255
0 118 6.0 0.5908203 0.8384193 0.8600302 0.99867773 1.0062357
0 119 6.0 0.9970703 0.46764857 0.7356746 0.65088886 0.99056137
0 119 6.0 0.98535156 0.6356289 0.4337837 0.78046554 0.6552693
0 119 6.0 0.96972656 0.41610798 0.58581626 0.5744209 0.80158174
0 119 6.0 0.93408203 0.3375466 0.40935385 0.48026174 0.6051322
0 120 6.0 0.9970703 0.4707464 0.73878825 0.65005624 0.99313235
0 120 6.0 0.98828125 0.63718176 0.4351859 0.7828977 0.65866995
0 120 6.0 0.9873047 0.42127308 0.58513135 0.5797887 0.80511564
0 120 6.0 0.96533203 0.3414328 0.4096974 0.4802994 0.60660195
0 121 6.0 0.9980469 0.47141713 0.7376108 0.6496101 0.99250185
0 121 6.0 0.99609375 0.4216017 0.585405 0.58283323 0.809541
0 121 6.0 0.9873047 0.6416067 0.42598242 0.78367376 0.65530163
0 121 6.0 0.9536133 0.33992 0.4146523 0.47968432 0.6065605
0 122 6.0 0.99609375 0.4743211 0.75222135 0.6493415 0.99577546
0 122 6.0 0.9921875 0.42095903 0.5909037 0.5863518 0.815741
0 122 6.0 0.99121094 0.64047635 0.42939758 0.7836399 0.6561786
0 122 6.0 0.9536133 0.33855918 0.41604435 0.47963962 0.60943854
0 122 6.0 0.55371094 0.24705844 0.2519467 0.32859367 0.33503914
0 123 6.0 0.9941406 0.4212613 0.59849024 0.58467984 0.8165288
0 123 6.0 0.9921875 0.64576715 0.43319982 0.78661543 0.6614023
0 123 6.0 0.98291016 0.47247723 0.76552904 0.65192723 0.9957197
0 123 6.0 0.91845703 0.3367747 0.4148327 0.4807213 0.6142378
0 124 5.0 0.51416016 0.64131653 0.43200833 0.7922784 0.6616152
0 124 6.0 0.9838867 0.4778923 0.76491857 0.6526907 0.9977765
0 124 6.0 0.9633789 0.6464102 0.44049174 0.7900779 0.66793793
0 124 6.0 0.93603516 0.42525563 0.607568 0.5830301 0.8076557
0 124 6.0 0.90478516 0.3384093 0.417479 0.4830886 0.6187667
0 124 6.0 0.5463867 0.241414 0.24803984 0.3283761 0.33491516
0 125 5.0 0.58691406 0.6465864 0.4350297 0.79451716 0.665445
0 125 6.0 0.98535156 0.42551717 0.6121696 0.5864341 0.82768965
0 125 6.0 0.9790039 0.48137355 0.766188 0.65430474 1.0009634
0 125 6.0 0.9301758 0.65145946 0.44036797 0.7949219 0.66164505
0 125 6.0 0.8676758 0.33660144 0.4328327 0.47282714 0.6225457
0 125 6.0 0.5395508 0.23954462 0.24527258 0.33215007 0.33674377
0 126 5.0 0.66259766 0.64568007 0.4386952 0.79675984 0.6700121
0 126 6.0 0.9951172 0.42675143 0.60790104 0.58675975 0.8370375
0 126 6.0 0.9838867 0.48102412 0.77211195 0.65553266 1.0022128
0 126 6.0 0.95947266 0.6486124 0.44610676 0.79772997 0.6679462
0 126 6.0 0.88671875 0.33491606 0.43038678 0.47788 0.6242188
0 126 6.0 0.56591797 0.24010648 0.24839655 0.33131218 0.33754018
0 127 6.0 0.9980469 0.649845 0.444628 0.79791296 0.6775348
0 127 6.0 0.9902344 0.42721868 0.6176077 0.58933413 0.8362218
0 127 6.0 0.9291992 0.47951838 0.7792165 0.6625084 1.0063006
0 127 6.0 0.90478516 0.3409411 0.44170594 0.4879556 0.6241236
0 127 6.0 0.54541016 0.24207342 0.25140342 0.3286966 0.33646587
0 128 6.0 0.99316406 0.42915684 0.622318 0.5925434 0.8402076
0 128 6.0 0.9921875 0.64796174 0.4491401 0.8046005 0.6811697
0 128 6.0 0.97509766 0.47820732 0.7843465 0.66119736 1.0044885
0 128 6.0 0.89453125 0.33849084 0.44032604 0.48802418 0.6285879
0 128 6.0 0.52685547 0.2357808 0.25064424 0.32734337 0.3338016
0 129 6.0 0.9970703 0.42657724 0.6200272 0.58516866 0.8590385
0 129 6.0 0.9921875 0.649687 0.44903338 0.80913395 0.6843022
0 129 6.0 0.96972656 0.4820154 0.7916707 0.6630138 1.0025904
0 129 6.0 0.96875 0.33767703 0.4326439 0.4918053 0.63400555
0 130 6.0 0.99316406 0.42962378 0.6241241 0.58843213 0.8623666
0 130 6.0 0.97998047 0.4849984 0.79487455 0.6617877 0.99722135
0 130 6.0 0.9770508 0.33607227 0.4302844 0.49219972 0.64026934
0 130 6.0 0.95947266 0.6518225 0.45823848 0.8055658 0.69603944
0 131 5.0 0.60009766 0.65713537 0.45675975 0.8036145 0.6818388
0 131 6.0 0.98828125 0.4288835 0.6253216 0.5862103 0.86980855
0 131 6.0 0.9838867 0.48608634 0.7976103 0.66370606 0.9969034
0 131 6.0 0.97265625 0.34121543 0.431896 0.49271786 0.6386969
0 131 6.0 0.8041992 0.6558548 0.45650834 0.80835724 0.69117266
0 131 6.0 0.51416016 0.229856 0.24206778 0.32912788 0.3349791
0 132 6.0 0.9980469 0.4310946 0.63168263 0.5925135 0.8754544
0 132 6.0 0.97802734 0.48588884 0.79811215 0.6639427 0.9972594
0 132 6.0 0.9301758 0.34433722 0.43394536 0.49681908 0.6430506
0 132 6.0 0.91845703 0.65653014 0.46002567 0.81153953 0.6963223
0 132 6.0 0.5024414 0.22934344 0.24372202 0.32736328 0.33321446
0 133 6.0 0.9970703 0.43344042 0.6318786 0.5987508 0.8796334
0 133 6.0 0.98828125 0.3441904 0.4371347 0.49880096 0.6473966
0 133 6.0 0.98095703 0.66185343 0.46512422 0.8135259 0.70160204
0 133 6.0 0.9589844 0.4832849 0.80355036 0.6654534 0.99501884
0 134 6.0 0.9980469 0.43558118 0.6313658 0.6011016 0.8831687
0 134 6.0 0.99316406 0.3448308 0.43236268 0.50104976 0.65220773
0 134 6.0 0.9790039 0.66217846 0.46809775 0.8178415 0.703378
0 134 6.0 0.94921875 0.48278058 0.8086464 0.6676365 0.993764
0 135 6.0 0.9941406 0.43791726 0.63780403 0.6076931 0.8927983
0 135 6.0 0.99121094 0.34454367 0.4339976 0.50528026 0.65262264
0 135 6.0 0.97265625 0.6625799 0.47073925 0.8201697 0.70382464
0 135 6.0 0.89208984 0.47820532 0.81646883 0.66967404 0.9929217
0 136 6.0 0.98828125 0.66369873 0.47445685 0.82361335 0.70460254
0 136 6.0 0.9863281 0.4388761 0.6390426 0.6087182 0.89084554
0 136 6.0 0.984375 0.34452254 0.4314631 0.50791734 0.65330255
0 136 6.0 0.8647461 0.47708333 0.82332355 0.67887795 0.9961279
0 137 6.0 0.99316406 0.66314673 0.47661522 0.8254522 0.7061775
0 137 6.0 0.9902344 0.34528393 0.43941194 0.50903004 0.6594288
0 137 6.0 0.98828125 0.44027427 0.64248145 0.6160548 0.8958874
0 137 6.0 0.85546875 0.4785062 0.8344852 0.67807686 0.99787617
0 138 6.0 0.99609375 0.34321705 0.44008833 0.5103551 0.6609877
0 138 6.0 0.98291016 0.44332984 0.64977974 0.61145616 0.8995748
0 138 6.0 0.9760742 0.6700836 0.4782558 0.8285373 0.7076836
0 138 6.0 0.8027344 0.4862007 0.836512 0.68408644 0.9979369
0 139 6.0 0.9970703 0.34426162 0.44022316 0.5120045 0.6633224
0 139 6.0 0.9760742 0.4392881 0.6609427 0.6151993 0.8892306
0 139 6.0 0.96533203 0.6700654 0.47993234 0.8316752 0.71319985
0 139 6.0 0.90771484 0.4861663 0.8429583 0.68638414 1.0002142
0 140 6.0 0.9970703 0.66997355 0.4812342 0.8344967 0.72073257
0 140 6.0 0.9941406 0.34655443 0.44252074 0.5104925 0.66741323
0 140 6.0 0.98828125 0.44270015 0.66401064 0.61440325 0.8934158
0 140 6.0 0.84472656 0.48618942 0.84650356 0.6912742 1.0008993
0 141 6.0 0.9970703 0.34706318 0.44436947 0.51361483 0.6670335
0 141 6.0 0.99316406 0.67893434 0.4849718 0.83464146 0.7259947
0 141 6.0 0.98535156 0.44392833 0.6702734 0.6204762 0.9027903
0 141 6.0 0.87353516 0.4889357 0.852893 0.6863198 1.0016366
0 142 6.0 0.9970703 0.34669834 0.44784662 0.5103486 0.67512304
0 142 6.0 0.9921875 0.6804087 0.48666018 0.83596385 0.7255512
0 142 6.0 0.9873047 0.44345844 0.6793996 0.6202823 0.90419304
0 142 6.0 0.88964844 0.488662 0.8562232 0.68880165 1.0022188
0 142 6.0 0.5761719 0.22617161 0.24619544 0.32799572 0.3405695
0 143 6.0 0.99609375 0.34252167 0.45904434 0.49524933 0.67239773
0 143 6.0 0.9902344 0.6833019 0.49228337 0.8396183 0.7374118
0 143 6.0 0.96777344 0.44553256 0.6885021 0.622581 0.90140784
0 143 6.0 0.7841797 0.49140304 0.8584908 0.6824171 1.0018591
0 143 6.0 0.6489258 0.23059869 0.24030596 0.33481652 0.3411582
0 144 6.0 0.99609375 0.34197703 0.45975605 0.4969276 0.67596126
0 144 6.0 0.9921875 0.45095676 0.6802742 0.6199669 0.91657084
0 144 6.0 0.9902344 0.6842533 0.49707508 0.8470332 0.74227536
0 144 6.0 0.7714844 0.4873 0.86027956 0.6827664 1.0021718
0 144 6.0 0.68310547 0.22920868 0.24265844 0.33562687 0.33979964
0 145 6.0 0.9951172 0.34392273 0.46333352 0.50045466 0.6771666
0 145 6.0 0.9902344 0.44889686 0.6840457 0.6234069 0.9156147
0 145 6.0 0.984375 0.6847992 0.4988447 0.8491601 0.75224674
0 145 6.0 0.7050781 0.48703867 0.8559957 0.67850083 1.0014648
0 145 6.0 0.6557617 0.22265662 0.24102156 0.33808 0.34000087
0 146 5.0 0.8100586 0.6874489 0.49878216 0.84548396 0.734733
0 146 6.0 0.9941406 0.349138 0.4683537 0.50383556 0.6853445
0 146 6.0 0.98535156 0.454961 0.69684666 0.6214003 0.9346476
0 146 6.0 0.91015625 0.68829936 0.50404 0.846211 0.7500075
0 146 6.0 0.6870117 0.22379318 0.2363406 0.3377163 0.3426941
0 146 6.0 0.5449219 0.50599694 0.8779065 0.682933 1.0059075
0 147 6.0 0.99609375 0.4499173 0.6969906 0.6258644 0.9483514
0 147 6.0 0.99121094 0.34602883 0.46724758 0.503665 0.68926036
0 147 6.0 0.98828125 0.68979347 0.5076414 0.8542025 0.75411373
0 147 6.0 0.68408203 0.22253023 0.23854947 0.3377509 0.34457123
0 148 6.0 0.9970703 0.69286317 0.5137069 0.85591346 0.7568333
0 148 6.0 0.9941406 0.3482839 0.46578974 0.50615513 0.6960512
0 148 6.0 0.9863281 0.45929074 0.7048376 0.63758814 0.95174366
0 148 6.0 0.67871094 0.22365221 0.23372228 0.3407555 0.3450915
0 149 6.0 0.9970703 0.45464814 0.7030101 0.6387851 0.9739363
0 149 6.0 0.9951172 0.35064507 0.47470236 0.50674963 0.6972034
0 149 6.0 0.97509766 0.69803303 0.5145786 0.8571363 0.7580612
0 149 6.0 0.67089844 0.22487584 0.2318332 0.33966985 0.34311545
0 150 5.0 0.6196289 0.6991714 0.5241952 0.8587258 0.7552223
0 150 6.0 0.9980469 0.35141116 0.47188058 0.50782084 0.70315254
0 150 6.0 0.99609375 0.45770228 0.69708776 0.643608 0.9754437
0 150 6.0 0.71191406 0.2265382 0.23295225 0.33847675 0.34475726
0 150 6.0 0.6455078 0.7003779 0.5177386 0.8593103 0.7616972
0 151 5.0 0.6123047 0.7023615 0.5237227 0.8577952 0.75873095
0 151 6.0 0.9980469 0.35286844 0.4735975 0.50992084 0.70491457
0 151 6.0 0.9980469 0.46110046 0.7095309 0.64210045 0.98189396
0 151 6.0 0.6435547 0.22230798 0.23634507 0.33703476 0.34771428
0 151 6.0 0.5654297 0.7022912 0.5196781 0.85775524 0.7656696
0 152 6.0 0.9980469 0.3538676 0.47486562 0.51314354 0.71250063
0 152 6.0 0.9970703 0.4622388 0.713695 0.64190066 0.9755178
0 152 6.0 0.76660156 0.7027086 0.5176927 0.8656317 0.7721857
0 152 6.0 0.64160156 0.22207145 0.24244213 0.33763012 0.34829837
0 153 6.0 0.99902344 0.35958123 0.478238 0.51099145 0.7096453
0 153 6.0 0.99609375 0.46004516 0.7170572 0.64584357 0.9792893
0 153 6.0 0.92578125 0.7036145 0.52423203 0.8661736 0.76830983
0 153 6.0 0.6845703 0.22286952 0.23887728 0.3376187 0.34998584
0 154 6.0 0.99902344 0.35847527 0.48302466 0.51060766 0.71812123
0 154 6.0 0.99121094 0.4687835 0.72253746 0.64614487 0.98456484
0 154 6.0 0.9838867 0.7110764 0.5299875 0.8698245 0.7697666
0 154 6.0 0.68603516 0.2237984 0.23914386 0.33888417 0.34938797
0 155 6.0 0.99902344 0.36031866 0.48309225 0.5162405 0.71645087
0 155 6.0 0.9951172 0.4682937 0.72244716 0.65340406 0.9833003
0 155 6.0 0.9550781 0.7096734 0.53174347 0.8700615 0.77711517
0 155 6.0 0.7026367 0.22566871 0.24365163 0.33846298 0.34819323
0 156 6.0 1.0 0.36505848 0.4843246 0.5166018 0.71797943
0 156 6.0 0.99609375 0.47219944 0.7279846 0.6509849 0.98907155
0 156 6.0 0.9716797 0.7092437 0.5337517 0.87231606 0.78242743
0 156 6.0 0.6850586 0.22447781 0.24522276 0.33773553 0.34474474
0 157 6.0 1.0 0.36120373 0.48985228 0.5180722 0.72545433
0 157 6.0 0.99609375 0.47419778 0.7304381 0.6548431 0.9878299
0 157 6.0 0.97314453 0.7082509 0.53654224 0.875908 0.7900472
0 157 6.0 0.65625 0.2241552 0.24566777 0.33856878 0.34573537
0 158 6.0 1.0 0.36568615 0.48982546 0.5213382 0.7288331
0 158 6.0 0.99609375 0.70681375 0.5396106 0.8812161 0.79680526
0 158 6.0 0.9951172 0.472858 0.7404038 0.6601848 0.9926212
0 158 6.0 0.6147461 0.2228879 0.2493899 0.34117475 0.3515104
0 159 6.0 1.0 0.36771607 0.4916798 0.52142 0.7397697
0 159 6.0 0.99609375 0.7082942 0.5435314 0.88427013 0.800475
0 159 6.0 0.984375 0.47435138 0.7493925 0.6568759 0.9887973
0 159 6.0 0.66064453 0.22745901 0.25151742 0.33979172 0.35103935
0 160 6.0 1.0 0.3674229 0.49017456 0.52330303 0.74749076
0 160 6.0 0.99609375 0.4756143 0.75327146 0.65219665 0.98988783
0 160 6.0 0.9921875 0.70961875 0.54421496 0.88590413 0.8007575
0 160 6.0 0.7368164 0.2278617 0.25220358 0.3391682 0.34980106
0 161 6.0 1.0 0.36668178 0.49463034 0.5246455 0.7554114
0 161 6.0 0.99902344 0.47204536 0.7553652 0.65086573 0.9963648
0 161 6.0 0.9951172 0.7123395 0.54866374 0.88921106 0.80503106
0 161 6.0 0.7963867 0.22486232 0.25076517 0.33918658 0.35433152
0 162 6.0 0.99902344 0.3689528 0.5022203 0.5266084 0.75873375
0 162 6.0 0.9951172 0.47341347 0.7628865 0.6512935 0.993212
0 162 6.0 0.9941406 0.7151284 0.5522335 0.8916894 0.8064572
0 162 6.0 0.7988281 0.2245722 0.25077832 0.34091195 0.3576314
0 163 6.0 0.99902344 0.36797518 0.50991035 0.53020585 0.76333714
0 163 6.0 0.9980469 0.475489 0.772216 0.6491986 0.9958932
0 163 6.0 0.9472656 0.71963936 0.56020766 0.89319235 0.8134158
0 163 6.0 0.7963867 0.22637016 0.2540127 0.3424263 0.35605347
0 164 6.0 0.9980469 0.36303198 0.5076177 0.5336283 0.7765697
0 164 6.0 0.9970703 0.4770985 0.7797413 0.6490532 0.99421203
0 164 6.0 0.96972656 0.7215174 0.575472 0.8983671 0.81508696
0 164 6.0 0.80322266 0.22698802 0.2559712 0.34149098 0.3538741
0 165 6.0 0.99902344 0.3711791 0.51732206 0.52809757 0.76002526
0 165 6.0 0.99902344 0.47678712 0.78539723 0.65399116 0.9980747
0 165 6.0 0.9448242 0.72320193 0.58027935 0.900709 0.8241426
0 165 6.0 0.76123047 0.22720766 0.2563715 0.3401121 0.36009973
0 166 5.0 0.5839844 0.72406924 0.5734441 0.9095851 0.83419967
0 166 6.0 0.99902344 0.36693475 0.51465935 0.53686607 0.7798049
0 166 6.0 0.9970703 0.4778677 0.7937365 0.6556436 1.0004466
0 166 6.0 0.7792969 0.72609377 0.57753295 0.9059384 0.8398463
0 166 6.0 0.7519531 0.22800341 0.25907722 0.33985457 0.3610383
0 167 5.0 0.81396484 0.725317 0.58336085 0.91020477 0.83398646
0 167 6.0 0.99902344 0.3667927 0.5174286 0.53413486 0.7736669
0 167 6.0 0.9980469 0.47579715 0.7986996 0.65605485 1.0001743
0 167 6.0 0.76953125 0.22913212 0.25837478 0.34159648 0.36041555
0 167 6.0 0.5751953 0.72681177 0.5830597 0.9079958 0.8442487
0 168 6.0 1.0 0.36952156 0.52564186 0.53268945 0.772407
0 168 6.0 0.984375 0.47480932 0.79461265 0.65794075 1.0019288
0 168 6.0 0.90625 0.7304211 0.5818121 0.91093415 0.8433072
0 168 6.0 0.73828125 0.22975987 0.26047134 0.3428629 0.35633123
0 169 5.0 0.8520508 0.7361362 0.59138036 0.91579235 0.8477726
0 169 6.0 1.0 0.3704096 0.52482045 0.5402415 0.7755195
0 169 6.0 0.9863281 0.47547847 0.7970921 0.66055113 1.0001513
0 169 6.0 0.68408203 0.23021708 0.25875074 0.3417847 0.35827267
0 169 6.0 0.53515625 0.7372761 0.5861871 0.913975 0.8456769
0 170 5.0 0.8251953 0.73662764 0.5945339 0.9204714 0.850526
0 170 6.0 1.0 0.37042356 0.52862155 0.5349672 0.77603805
0 170 6.0 0.9951172 0.47530416 0.80379796 0.6567626 1.0009911
0 170 6.0 0.7114258 0.73835075 0.5882762 0.91584504 0.84966034
0 170 6.0 0.66064453 0.23127143 0.25816414 0.34166878 0.3617305
0 171 6.0 1.0 0.37064812 0.5287746 0.538109 0.7912456
0 171 6.0 0.99316406 0.47469288 0.81350845 0.6556559 1.0009905
0 171 6.0 0.9453125 0.73735344 0.5915608 0.92344975 0.8599095
0 171 6.0 0.6376953 0.23274913 0.26011258 0.34375176 0.36143857
0 172 6.0 1.0 0.37447676 0.5299938 0.5401973 0.78801835
0 172 6.0 0.99121094 0.47608212 0.8244473 0.65637505 1.001107
0 172 6.0 0.9506836 0.7421349 0.59250927 0.9222255 0.85991645
0 172 6.0 0.61572266 0.23416626 0.2606244 0.34310746 0.36092675
0 173 6.0 1.0 0.37889606 0.5321425 0.5393311 0.79341185
0 173 6.0 0.98095703 0.47655487 0.8284199 0.65986514 1.000215
0 173 6.0 0.9350586 0.74350107 0.59853554 0.9239085 0.85700977
0 173 6.0 0.57666016 0.23455846 0.25603876 0.34183204 0.36164728
0 174 6.0 1.0 0.38024235 0.53696334 0.53986496 0.8031374
0 174 6.0 0.9770508 0.74526465 0.60409343 0.926484 0.8622147
0 174 6.0 0.9741211 0.47568113 0.83464885 0.66118795 1.0018438
0 174 6.0 0.5683594 0.23555905 0.25699678 0.34127307 0.36113092
0 175 6.0 1.0 0.3784061 0.54249334 0.5398625 0.8051566
0 175 6.0 0.9819336 0.46943524 0.8415685 0.6654817 1.0030205
0 175 6.0 0.96777344 0.7497958 0.61471844 0.92695653 0.8683431
0 175 6.0 0.6152344 0.23294629 0.25437427 0.34516937 0.36231786
0 176 6.0 1.0 0.38084853 0.54510105 0.5407519 0.8137554
0 176 6.0 0.97998047 0.47005898 0.8463951 0.6707925 1.0039848
0 176 6.0 0.72509766 0.7521423 0.61707795 0.9386618 0.8769481
0 176 6.0 0.5917969 0.23438805 0.2586611 0.34575975 0.36222744
0 177 6.0 0.99902344 0.3820755 0.55016035 0.5394696 0.8196817
0 177 6.0 0.94970703 0.48059112 0.8532664 0.6795004 1.0028255
0 177 6.0 0.77441406 0.75539786 0.6226691 0.93362147 0.88289464
0 177 6.0 0.5761719 0.233043 0.2541438 0.34869194 0.36464652
0 178 6.0 0.9980469 0.38057894 0.56034106 0.5519431 0.81811386
0 178 6.0 0.9550781 0.4826178 0.8532153 0.6769045 1.0026138
0 178 6.0 0.8359375 0.76256555 0.6266237 0.94460064 0.8867181
0 178 6.0 0.59765625 0.23356408 0.25285465 0.34724277 0.3636166
0 179 6.0 0.9980469 0.38059944 0.5666075 0.5500129 0.82282054
0 179 6.0 0.9350586 0.48196048 0.8593664 0.6776338 1.0016748
0 179 6.0 0.9091797 0.76543057 0.63114446 0.95272994 0.8906302
0 179 6.0 0.58203125 0.23616531 0.2558489 0.34423783 0.3640457
0 180 6.0 0.9980469 0.38289982 0.56645226 0.5522471 0.825179
0 180 6.0 0.95410156 0.7677031 0.63614684 0.9566924 0.8969024
0 180 6.0 0.91015625 0.47620356 0.86191076 0.68372226 1.0039139
0 180 6.0 0.52685547 0.23768474 0.25942633 0.34251487 0.36356047
0 181 6.0 0.9970703 0.38216972 0.5666012 0.55900675 0.8283046
0 181 6.0 0.98291016 0.76690924 0.63740814 0.9603791 0.89877534
0 181 6.0 0.74560547 0.48466083 0.8618068 0.6850742 1.0013634
0 181 6.0 0.5600586 0.23670998 0.25554684 0.34571502 0.36357477
0 182 6.0 0.9980469 0.381665 0.5679312 0.5589861 0.83119774
0 182 6.0 0.9482422 0.7693351 0.64031065 0.9642078 0.89797866
0 182 6.0 0.6542969 0.23678434 0.2508981 0.34876662 0.36148718
0 183 6.0 0.99902344 0.38355914 0.5719709 0.5604652 0.8328579
0 183 6.0 0.9667969 0.77224666 0.64163065 0.96451145 0.9074502
0 183 6.0 0.54296875 0.2390627 0.24768299 0.34684017 0.36348754
0 184 6.0 0.99902344 0.3876507 0.57114017 0.5592493 0.8393884
0 184 6.0 0.9838867 0.77254814 0.64209974 0.96944815 0.9101083
0 185 6.0 0.9980469 0.38332608 0.58052063 0.55804574 0.8499367
0 185 6.0 0.97314453 0.7757416 0.6471635 0.97065246 0.9115337
0 186 6.0 0.99902344 0.38274455 0.58203304 0.55917835 0.85681534
0 186 6.0 0.98535156 0.77348334 0.64831996 0.97239274 0.92343366
0 187 6.0 0.99902344 0.3878054 0.5857166 0.56293494 0.8641174
0 187 6.0 0.96777344 0.77957505 0.6511782 0.9746763 0.93441373
0 188 6.0 0.99902344 0.38543707 0.5893841 0.5626305 0.8677645
0 188 6.0 0.9614258 0.778215 0.6596602 0.9763492 0.9449495
0 189 6.0 0.99902344 0.38762242 0.59130204 0.56540495 0.8706217
0 189 6.0 0.93359375 0.7798567 0.6638584 0.9760659 0.94510996
0 190 6.0 0.99902344 0.38822052 0.59340936 0.57053816 0.88248104
0 190 6.0 0.7949219 0.7826889 0.67614067 0.97920483 0.95152307
0 191 5.0 0.5307617 0.7847825 0.6609816 0.9790853 0.96573514
0 191 6.0 0.9980469 0.38860628 0.60264367 0.5715301 0.8750419
0 191 6.0 0.7998047 0.7824476 0.68145096 0.98077524 0.9654064
0 192 6.0 0.99902344 0.38775367 0.6058595 0.5734849 0.88154197
0 192 6.0 0.98828125 0.7810407 0.67931116 0.99803394 0.9687358
0 193 6.0 1.0 0.3864566 0.61156815 0.5739002 0.8875367
0 193 6.0 0.90625 0.78301805 0.6925286 0.99170035 0.9690434
0 194 6.0 1.0 0.38793474 0.6119929 0.57399267 0.90107864
0 194 6.0 0.9482422 0.79135066 0.69292295 0.9905568 0.97074676
0 195 6.0 1.0 0.39016673 0.61668414 0.5773543 0.90538913
0 195 6.0 0.9135742 0.79287034 0.691735 0.99359924 0.9795253
0 196 6.0 1.0 0.39311716 0.62160724 0.57550603 0.8998484
0 196 6.0 0.9580078 0.79034305 0.6954186 0.99878097 0.9863305
0 197 6.0 1.0 0.3988673 0.6284255 0.584003 0.89898396
0 197 6.0 0.9580078 0.797429 0.69929117 0.9982756 0.9871567
0 198 6.0 1.0 0.39454693 0.6258214 0.5800969 0.9044669
0 198 6.0 0.9448242 0.8073465 0.7034204 0.99986047 0.9948063
0 199 6.0 1.0 0.39988387 0.62901264 0.58007795 0.9184373
0 199 6.0 0.9741211 0.8084097 0.7046904 0.9999862 0.9939787
0 200 6.0 1.0 0.39852166 0.6333287 0.58407164 0.9241271
0 200 6.0 0.9716797 0.80996764 0.7083482 0.9994236 0.9914822
0 201 6.0 1.0 0.40036207 0.6384313 0.5845044 0.93969846
0 201 6.0 0.97314453 0.8115465 0.7200252 0.998066 0.9937545
0 202 6.0 0.99902344 0.40008092 0.6395135 0.5847994 0.947863
0 202 6.0 0.97509766 0.81480896 0.7231474 0.99790037 0.99400556
0 203 6.0 1.0 0.38959506 0.6486527 0.58557224 0.9496552
0 203 6.0 0.9658203 0.8171617 0.7298687 0.99804986 0.995593
0 204 6.0 1.0 0.39586756 0.6531543 0.5877177 0.9568431
0 204 6.0 0.96240234 0.81985354 0.73741055 0.9961046 1.0014925
0 205 6.0 1.0 0.39858633 0.66541547 0.5879059 0.956299
0 205 6.0 0.9707031 0.82744044 0.7426575 0.9956669 0.99645585
0 206 6.0 0.99902344 0.39595783 0.6672795 0.58950114 0.95580137
0 206 6.0 0.9863281 0.8296095 0.7393817 0.9953624 1.0010767
0 207 6.0 0.99902344 0.402717 0.6680485 0.5913355 0.9606838
0 207 6.0 0.98535156 0.8315423 0.74683774 0.9957766 0.9976311
0 208 6.0 0.99902344 0.40607268 0.6744889 0.59908766 0.9703562
0 208 6.0 0.97509766 0.83342797 0.74643993 0.9956067 1.0008337
0 209 6.0 0.99902344 0.40559393 0.67626643 0.5977065 0.98144126
0 209 6.0 0.9863281 0.83806014 0.7552711 0.9949131 1.0045508
0 210 6.0 0.99902344 0.40828967 0.6793587 0.6001773 0.98295856
0 210 6.0 0.9716797 0.8427078 0.75772077 0.99432105 1.0010848
0 211 6.0 1.0 0.41167045 0.6828867 0.60150826 0.9899745
0 211 6.0 0.94628906 0.8428769 0.7628336 0.9953511 1.0079143
0 212 6.0 1.0 0.41677773 0.70243317 0.60407495 0.9879963
0 212 6.0 0.9506836 0.8410254 0.76879305 0.9963544 1.0061961
0 213 6.0 1.0 0.4133203 0.7036733 0.60446 0.9923691
0 213 6.0 0.9482422 0.84243524 0.7784704 0.99568546 1.004298
0 214 6.0 1.0 0.4169981 0.70277923 0.59700054 0.9949464
0 214 6.0 0.94921875 0.8436575 0.781418 0.9966428 1.0041543
0 214 6.0 0.5292969 0.28390744 0.26234233 0.3961524 0.40128553
0 215 6.0 1.0 0.41715065 0.7073403 0.59988 0.9974609
0 215 6.0 0.9633789 0.8498215 0.79270023 0.99640626 1.0034621
0 215 6.0 0.5541992 0.2847986 0.2592132 0.3982112 0.40584993
0 216 6.0 1.0 0.41567504 0.71484184 0.6007023 0.99852026
0 216 6.0 0.9902344 0.850566 0.80046135 0.99706495 1.0028346
0 216 6.0 0.51171875 0.28822517 0.26324296 0.39638215 0.40121293
0 217 6.0 1.0 0.42013192 0.7220175 0.6129962 0.98757327
0 217 6.0 0.97802734 0.85566247 0.805706 0.99636483 1.0088711
0 217 6.0 0.70751953 0.28628793 0.25741106 0.40216294 0.40781772
0 218 6.0 1.0 0.4179924 0.7272569 0.6127109 0.9894122
0 218 6.0 0.9448242 0.86403304 0.8075329 0.99655193 1.013293
0 218 6.0 0.7661133 0.28491145 0.2561395 0.40440547 0.40975174
0 219 6.0 1.0 0.4202356 0.727629 0.6108535 0.9844641
0 219 6.0 0.9526367 0.86343724 0.8128668 0.994355 1.0140973
0 219 6.0 0.64697266 0.2861424 0.25715655 0.4022326 0.40862423
0 220 6.0 0.99902344 0.42026994 0.72986054 0.6127204 0.98387766
0 220 6.0 0.93408203 0.8646161 0.81310797 0.993826 1.0133585
0 220 6.0 0.74658203 0.28628853 0.2551758 0.4023107 0.41126743
0 221 6.0 0.99902344 0.41865838 0.732607 0.62069714 0.98514044
0 221 6.0 0.8857422 0.8611751 0.81657004 0.9946678 1.0110024
0 221 6.0 0.64501953 0.29006252 0.2596642 0.4032981 0.4084352
0 222 6.0 0.9980469 0.4228858 0.7403456 0.61675256 0.9887507
0 222 6.0 0.7167969 0.8661127 0.81745917 0.9946934 1.0151455
0 222 6.0 0.67529297 0.29076365 0.26100934 0.40329394 0.41007107
0 223 6.0 0.9941406 0.42215052 0.74714035 0.625716 0.9904093
0 223 6.0 0.7128906 0.28981137 0.2623785 0.40280402 0.41449833
0 223 6.0 0.5917969 0.8716001 0.8360772 0.9978635 0.99655485
0 224 6.0 0.99609375 0.4244733 0.75287765 0.62776065 0.99411255
0 224 6.0 0.6899414 0.29026538 0.25905162 0.40319186 0.41429216
0 224 6.0 0.6376953 0.87447023 0.8431411 0.99897087 0.9937805
0 225 6.0 0.9970703 0.42447153 0.75834656 0.6296732 0.99007046
0 225 6.0 0.7939453 0.8665223 0.8463247 1.0008744 1.0023834
0 225 6.0 0.5649414 0.29020193 0.26117802 0.40317252 0.41205537
0 226 6.0 0.9980469 0.42411324 0.7659861 0.6320984 0.9910213
0 226 6.0 0.79833984 0.87281203 0.8504466 1.0029298 1.0034577
0 226 6.0 0.609375 0.29033542 0.25566557 0.40486073 0.41988638
0 227 6.0 0.9970703 0.42633596 0.7720782 0.6350231 0.9918482
0 227 6.0 0.7416992 0.87290126 0.8535249 1.0042443 1.003226
0 227 6.0 0.5576172 0.29191133 0.26206222 0.40448555 0.4195622
0 228 6.0 0.99902344 0.42996073 0.77805126 0.6356541 0.9939084
0 228 6.0 0.56933594 0.88222706 0.85958934 1.0013529 1.000525
0 228 6.0 0.5253906 0.29093325 0.26530698 0.40552568 0.41653827
0 229 6.0 0.9970703 0.42747647 0.7870065 0.6397391 0.9976382
0 229 6.0 0.56396484 0.28408793 0.26893035 0.4102805 0.43328103
0 230 6.0 0.99316406 0.42551658 0.7930507 0.6435341 0.99519044
0 231 6.0 0.98828125 0.42964393 0.79305714 0.6449118 0.9965431
0 231 6.0 0.54003906 0.28662217 0.27157256 0.41100442 0.43860856
0 232 6.0 0.99316406 0.42645738 0.79488397 0.64341325 0.99729
0 232 6.0 0.5800781 0.28631625 0.27948996 0.4159049 0.4349443
0 233 6.0 0.9941406 0.42912012 0.801881 0.64637274 0.99419254
0 234 6.0 0.9951172 0.42405775 0.81036264 0.6484678 0.9952454
0 234 6.0 0.5151367 0.29433286 0.28219604 0.4156922 0.43713516
0 235 6.0 0.9941406 0.4266528 0.8166822 0.65036273 0.9935663
0 235 6.0 0.55029297 0.29517362 0.28238267 0.41863635 0.43948483
0 236 6.0 0.9863281 0.43022943 0.82463074 0.6475669 0.99320245
0 236 6.0 0.7441406 0.29783353 0.26630586 0.42163423 0.44133902
0 237 6.0 0.9863281 0.4309045 0.82896495 0.6502886 0.99450314
0 238 6.0 0.9526367 0.43012792 0.8318913 0.652705 0.99108934
0 239 6.0 0.9707031 0.42113876 0.83840585 0.65596354 0.9981376
0 239 6.0 0.61816406 0.29726374 0.28266373 0.42454523 0.44371054
0 240 6.0 0.97998047 0.43169445 0.8461521 0.6615965 0.9998786
0 240 6.0 0.6020508 0.29962546 0.27838475 0.42503196 0.44129765
0 241 6.0 0.9873047 0.43691346 0.84960407 0.66004866 1.0024923
0 241 6.0 0.7192383 0.2995404 0.27881607 0.4255852 0.44712898
0 242 6.0 0.9838867 0.44065002 0.85658723 0.6564155 1.0022695
0 243 6.0 0.9526367 0.43727845 0.8600871 0.66084975 1.0044104
0 244 6.0 0.7133789 0.43799448 0.8653924 0.65784276 1.0039713
0 245 6.0 0.6357422 0.4409865 0.86729735 0.6625587 1.0041955
0 246 6.0 0.51464844 0.44114983 0.87281495 0.6795087 1.0067515
0 247 6.0 0.5185547 0.2982688 0.31322527 0.4259984 0.45513457
0 248 6.0 0.515625 0.2998166 0.30585077 0.42620647 0.45602784
0 249 6.0 0.51708984 0.30662382 0.30734912 0.43071496 0.45714542
